# Force         
# CofR          : (0.00000000e+00 0.00000000e+00 0.00000000e+00)
#
# Time          	(total_x total_y total_z)	(pressure_x pressure_y pressure_z)	(viscous_x viscous_y viscous_z)
1               	(7.09034343e-02 3.11129223e+00 -9.92337724e-02)	(7.03919854e-02 3.10891311e+00 -9.86579393e-02)	(5.11448965e-04 2.37912114e-03 -5.75833178e-04)
2               	(6.67632555e-02 4.37999626e+00 -1.59573792e-01)	(6.60539423e-02 4.37596788e+00 -1.58707912e-01)	(7.09313139e-04 4.02838631e-03 -8.65879831e-04)
3               	(5.06120589e-02 4.73885223e+00 -1.85025291e-01)	(4.94841061e-02 4.73462576e+00 -1.84223879e-01)	(1.12795279e-03 4.22647592e-03 -8.01411640e-04)
4               	(1.13923713e-02 4.20832149e+00 -1.75948725e-01)	(9.98057181e-03 4.20467508e+00 -1.75365759e-01)	(1.41179949e-03 3.64640766e-03 -5.82966256e-04)
5               	(-2.33601374e-02 3.45248915e+00 -1.53136789e-01)	(-2.49992062e-02 3.44950779e+00 -1.52779210e-01)	(1.63906881e-03 2.98135911e-03 -3.57579547e-04)
6               	(-2.09122179e-02 3.08244404e+00 -1.34872583e-01)	(-2.27643797e-02 3.07985047e+00 -1.34672704e-01)	(1.85216183e-03 2.59357451e-03 -1.99878371e-04)
7               	(1.94764934e-02 3.23851236e+00 -1.28368623e-01)	(1.74243601e-02 3.23601298e+00 -1.28245777e-01)	(2.05213324e-03 2.49937616e-03 -1.22846573e-04)
8               	(6.54603017e-02 3.64253172e+00 -1.31313731e-01)	(6.32633971e-02 3.63994677e+00 -1.31217106e-01)	(2.19690460e-03 2.58494906e-03 -9.66245877e-05)
9               	(8.26513057e-02 3.92702296e+00 -1.38000959e-01)	(8.03771417e-02 3.92428312e+00 -1.37918334e-01)	(2.27416406e-03 2.73983809e-03 -8.26248027e-05)
10              	(6.27664102e-02 3.92580410e+00 -1.43759852e-01)	(6.04589664e-02 3.92291706e+00 -1.43710108e-01)	(2.30744381e-03 2.88703836e-03 -4.97440297e-05)
11              	(2.68917089e-02 3.72952548e+00 -1.46397488e-01)	(2.45455095e-02 3.72653403e+00 -1.46405563e-01)	(2.34619943e-03 2.99145965e-03 8.07473274e-06)
12              	(4.16994764e-03 3.53924805e+00 -1.45672670e-01)	(1.74493552e-03 3.53619838e+00 -1.45750976e-01)	(2.42501213e-03 3.04966907e-03 7.83059545e-05)
13              	(8.15611326e-03 3.48860670e+00 -1.42717436e-01)	(5.61817281e-03 3.48553750e+00 -1.42862529e-01)	(2.53794044e-03 3.06920027e-03 1.45093404e-04)
14              	(3.03573582e-02 3.56973916e+00 -1.39273629e-01)	(2.77061206e-02 3.56668198e+00 -1.39467247e-01)	(2.65123765e-03 3.05718366e-03 1.93617933e-04)
15              	(5.11662027e-02 3.68414275e+00 -1.37025906e-01)	(4.84352225e-02 3.68112195e+00 -1.37244091e-01)	(2.73098018e-03 3.02080087e-03 2.18184525e-04)
16              	(5.65999021e-02 3.74111155e+00 -1.36887408e-01)	(5.38309208e-02 3.73814257e+00 -1.37111816e-01)	(2.76898129e-03 2.96898035e-03 2.24407715e-04)
17              	(4.70099214e-02 3.71909609e+00 -1.38432530e-01)	(4.42263926e-02 3.71618504e+00 -1.38653867e-01)	(2.78352883e-03 2.91105181e-03 2.21336826e-04)
18              	(3.30960997e-02 3.65894229e+00 -1.40310416e-01)	(3.02939561e-02 3.65608693e+00 -1.40525001e-01)	(2.80214365e-03 2.85535897e-03 2.14584604e-04)
19              	(2.56382263e-02 3.61556210e+00 -1.41308989e-01)	(2.27977619e-02 3.61275272e+00 -1.41517044e-01)	(2.84046446e-03 2.80938222e-03 2.08054817e-04)
20              	(2.79797351e-02 3.61478241e+00 -1.40921893e-01)	(2.50859090e-02 3.61200397e+00 -1.41125899e-01)	(2.89382609e-03 2.77844391e-03 2.04006593e-04)
21              	(3.58155357e-02 3.64407075e+00 -1.39631320e-01)	(3.28687151e-02 3.64130539e+00 -1.39833359e-01)	(2.94682053e-03 2.76535682e-03 2.02038383e-04)
22              	(4.23849637e-02 3.67371017e+00 -1.38359338e-01)	(3.93987753e-02 3.67094150e+00 -1.38560443e-01)	(2.98618841e-03 2.76867183e-03 2.01104869e-04)
23              	(4.38082795e-02 3.68327178e+00 -1.37845930e-01)	(4.07989371e-02 3.68048858e+00 -1.38045864e-01)	(3.00934248e-03 2.78319490e-03 1.99933765e-04)
24              	(4.08722076e-02 3.67313383e+00 -1.38183590e-01)	(3.78487107e-02 3.67033208e+00 -1.38380690e-01)	(3.02349687e-03 2.80174888e-03 1.97099141e-04)
25              	(3.70597008e-02 3.65744161e+00 -1.38907443e-01)	(3.40207339e-02 3.65462431e+00 -1.39098070e-01)	(3.03896691e-03 2.81729292e-03 1.90627696e-04)
26              	(3.53570144e-02 3.64979307e+00 -1.39388695e-01)	(3.22952820e-02 3.64696662e+00 -1.39568488e-01)	(3.06173245e-03 2.82644342e-03 1.79793252e-04)
27              	(3.63838062e-02 3.65377624e+00 -1.39306943e-01)	(3.32919110e-02 3.65094680e+00 -1.39473399e-01)	(3.09189521e-03 2.82943272e-03 1.66456121e-04)
28              	(3.87301954e-02 3.66362770e+00 -1.38755786e-01)	(3.56050912e-02 3.66079869e+00 -1.38909584e-01)	(3.12510414e-03 2.82900522e-03 1.53798068e-04)
29              	(4.05723971e-02 3.67126245e+00 -1.38102843e-01)	(3.74141015e-02 3.66843540e+00 -1.38247876e-01)	(3.15829565e-03 2.82705058e-03 1.45033513e-04)
30              	(4.10438766e-02 3.67274429e+00 -1.37705110e-01)	(3.78531095e-02 3.66992039e+00 -1.37846518e-01)	(3.19076710e-03 2.82389681e-03 1.41408244e-04)
31              	(4.05061880e-02 3.66974743e+00 -1.37658963e-01)	(3.72814393e-02 3.66692914e+00 -1.37801102e-01)	(3.22474869e-03 2.81829469e-03 1.42139867e-04)
32              	(3.98920491e-02 3.66656973e+00 -1.37757993e-01)	(3.66278120e-02 3.66376163e+00 -1.37904871e-01)	(3.26423706e-03 2.80809900e-03 1.46877715e-04)
33              	(3.98803172e-02 3.66625338e+00 -1.37737133e-01)	(3.65659880e-02 3.66346188e+00 -1.37891949e-01)	(3.31432921e-03 2.79150299e-03 1.54815963e-04)
34              	(4.05224852e-02 3.66883596e+00 -1.37457532e-01)	(3.71436439e-02 3.66606886e+00 -1.37624791e-01)	(3.37884123e-03 2.76710136e-03 1.67259117e-04)
35              	(4.14261721e-02 3.67226903e+00 -1.36957264e-01)	(3.79666856e-02 3.66953555e+00 -1.37142676e-01)	(3.45948650e-03 2.73348719e-03 1.85411779e-04)
36              	(4.21783704e-02 3.67453319e+00 -1.36388802e-01)	(3.86235750e-02 3.67184297e+00 -1.36599347e-01)	(3.55479538e-03 2.69022627e-03 2.10544898e-04)
37              	(4.26427853e-02 3.67505544e+00 -1.35878391e-01)	(3.89793192e-02 3.67241844e+00 -1.36121957e-01)	(3.66346606e-03 2.63699949e-03 2.43566059e-04)
38              	(4.29626204e-02 3.67465051e+00 -1.35451800e-01)	(3.91733194e-02 3.67208073e+00 -1.35737498e-01)	(3.78930104e-03 2.56978139e-03 2.85697695e-04)
39              	(4.33600792e-02 3.67452588e+00 -1.35046939e-01)	(3.94289492e-02 3.67203819e+00 -1.35382773e-01)	(3.93112999e-03 2.48769335e-03 3.35834309e-04)
40              	(4.39560663e-02 3.67528263e+00 -1.34581014e-01)	(3.98631189e-02 3.67289539e+00 -1.34974915e-01)	(4.09294747e-03 2.38724125e-03 3.93900909e-04)
41              	(4.47093949e-02 3.67667711e+00 -1.34013090e-01)	(4.04384574e-02 3.67440843e+00 -1.34470526e-01)	(4.27093753e-03 2.26868363e-03 4.57435998e-04)
42              	(4.55040123e-02 3.67803089e+00 -1.33361251e-01)	(4.10389280e-02 3.67589987e+00 -1.33886635e-01)	(4.46508431e-03 2.13101452e-03 5.25384558e-04)
43              	(4.62549522e-02 3.67883764e+00 -1.32676721e-01)	(4.15785022e-02 3.67686307e+00 -1.33275389e-01)	(4.67645002e-03 1.97456786e-03 5.98667527e-04)
44              	(4.69571490e-02 3.67906127e+00 -1.32003979e-01)	(4.20540319e-02 3.67726162e+00 -1.32681957e-01)	(4.90311706e-03 1.79964488e-03 6.77978650e-04)
45              	(4.76729443e-02 3.67902619e+00 -1.31352188e-01)	(4.25246070e-02 3.67742401e+00 -1.32117079e-01)	(5.14833729e-03 1.60217583e-03 7.64890740e-04)
46              	(4.84606545e-02 3.67910071e+00 -1.30705025e-01)	(4.30528658e-02 3.67771713e+00 -1.31562906e-01)	(5.40778867e-03 1.38358271e-03 8.57880968e-04)
47              	(4.93368580e-02 3.67942703e+00 -1.30039974e-01)	(4.36609343e-02 3.67828111e+00 -1.30995160e-01)	(5.67592369e-03 1.14592139e-03 9.55186725e-04)
48              	(5.02668499e-02 3.67988208e+00 -1.29353365e-01)	(4.43243091e-02 3.67899096e+00 -1.30406591e-01)	(5.94254084e-03 8.91111105e-04 1.05322543e-03)
49              	(5.12128580e-02 3.68024286e+00 -1.28654010e-01)	(4.50025771e-02 3.67962224e+00 -1.29806540e-01)	(6.21028085e-03 6.20620808e-04 1.15252907e-03)
50              	(5.21504684e-02 3.68036394e+00 -1.27960448e-01)	(4.56725597e-02 3.68003179e+00 -1.29213124e-01)	(6.47790868e-03 3.32152883e-04 1.25267652e-03)
51              	(5.30807952e-02 3.68025959e+00 -1.27290072e-01)	(4.63372309e-02 3.68023284e+00 -1.28643159e-01)	(6.74356434e-03 2.67510667e-05 1.35308723e-03)
52              	(5.40176425e-02 3.68003932e+00 -1.26650851e-01)	(4.70120658e-02 3.68033504e+00 -1.28103694e-01)	(7.00557662e-03 -2.95721252e-04 1.45284232e-03)
53              	(5.49519982e-02 3.67981742e+00 -1.26045943e-01)	(4.77140808e-02 3.68044126e+00 -1.27587463e-01)	(7.23791737e-03 -6.23841339e-04 1.54152022e-03)
54              	(5.58895127e-02 3.67961177e+00 -1.25462844e-01)	(4.84536678e-02 3.68056808e+00 -1.27081086e-01)	(7.43584486e-03 -9.56301268e-04 1.61824142e-03)
55              	(5.68202001e-02 3.67937916e+00 -1.24898319e-01)	(4.92265462e-02 3.68066585e+00 -1.26579257e-01)	(7.59365389e-03 -1.28668786e-03 1.68093740e-03)
56              	(5.77333663e-02 3.67906411e+00 -1.24358895e-01)	(5.00193730e-02 3.68067592e+00 -1.26087352e-01)	(7.71399331e-03 -1.61181692e-03 1.72845748e-03)
57              	(5.86127214e-02 3.67865121e+00 -1.23851593e-01)	(5.08187511e-02 3.68057922e+00 -1.25615553e-01)	(7.79397030e-03 -1.92801535e-03 1.76395949e-03)
58              	(5.94529429e-02 3.67815844e+00 -1.23383906e-01)	(5.16147838e-02 3.68039447e+00 -1.25172817e-01)	(7.83815911e-03 -2.23603220e-03 1.78891110e-03)
59              	(6.02590611e-02 3.67761828e+00 -1.22956554e-01)	(5.23976580e-02 3.68015900e+00 -1.24765768e-01)	(7.86140317e-03 -2.54071327e-03 1.80921392e-03)
60              	(6.10357505e-02 3.67705743e+00 -1.22569964e-01)	(5.31639153e-02 3.67990173e+00 -1.24394671e-01)	(7.87183518e-03 -2.84429550e-03 1.82470678e-03)
61              	(6.17898894e-02 3.67647907e+00 -1.22215917e-01)	(5.39087325e-02 3.67963212e+00 -1.24056131e-01)	(7.88115694e-03 -3.15304362e-03 1.84021409e-03)
62              	(6.25050378e-02 3.67587183e+00 -1.21882845e-01)	(5.46157379e-02 3.67933977e+00 -1.23750271e-01)	(7.88929986e-03 -3.46793193e-03 1.86742565e-03)
63              	(6.31335265e-02 3.67523215e+00 -1.21595738e-01)	(5.52378673e-02 3.67901741e+00 -1.23490163e-01)	(7.89565922e-03 -3.78525992e-03 1.89442531e-03)
64              	(6.36548633e-02 3.67456046e+00 -1.21359175e-01)	(5.57478866e-02 3.67867083e+00 -1.23280947e-01)	(7.90697672e-03 -4.11037237e-03 1.92177175e-03)
65              	(6.40807956e-02 3.67387741e+00 -1.21161579e-01)	(5.61587463e-02 3.67831998e+00 -1.23109561e-01)	(7.92204928e-03 -4.44256720e-03 1.94798178e-03)
66              	(6.44446842e-02 3.67320423e+00 -1.20977427e-01)	(5.65059323e-02 3.67798297e+00 -1.22954269e-01)	(7.93875194e-03 -4.77874048e-03 1.97684260e-03)
67              	(6.47820727e-02 3.67254458e+00 -1.20798344e-01)	(5.68201141e-02 3.67766566e+00 -1.22803513e-01)	(7.96195861e-03 -5.12107906e-03 2.00516944e-03)
68              	(6.51065382e-02 3.67188739e+00 -1.20621238e-01)	(5.71124739e-02 3.67736018e+00 -1.22660084e-01)	(7.99406435e-03 -5.47279328e-03 2.03884678e-03)
69              	(6.54057904e-02 3.67122592e+00 -1.20460427e-01)	(5.73725509e-02 3.67706004e+00 -1.22535989e-01)	(8.03323943e-03 -5.83411703e-03 2.07556281e-03)
70              	(6.56715973e-02 3.67055274e+00 -1.20327296e-01)	(5.75900485e-02 3.67676074e+00 -1.22437836e-01)	(8.08154874e-03 -6.20800474e-03 2.11054020e-03)
71              	(6.58989644e-02 3.66986823e+00 -1.20214253e-01)	(5.77642599e-02 3.67646478e+00 -1.22361412e-01)	(8.13470448e-03 -6.59654428e-03 2.14715894e-03)
72              	(6.60984496e-02 3.66918078e+00 -1.20112470e-01)	(5.78997228e-02 3.67618194e+00 -1.22299307e-01)	(8.19872682e-03 -7.00116250e-03 2.18683631e-03)
73              	(6.62740297e-02 3.66850193e+00 -1.20018253e-01)	(5.80073436e-02 3.67591834e+00 -1.22246740e-01)	(8.26668604e-03 -7.41640971e-03 2.22848714e-03)
74              	(6.64377816e-02 3.66782941e+00 -1.19931683e-01)	(5.81014029e-02 3.67566824e+00 -1.22203140e-01)	(8.33637867e-03 -7.83883270e-03 2.27145723e-03)
75              	(6.65991032e-02 3.66715575e+00 -1.19846434e-01)	(5.81900804e-02 3.67542647e+00 -1.22166061e-01)	(8.40902276e-03 -8.27072111e-03 2.31962642e-03)
76              	(6.67530518e-02 3.66648101e+00 -1.19773641e-01)	(5.82727780e-02 3.67519182e+00 -1.22135490e-01)	(8.48027386e-03 -8.71080708e-03 2.36184930e-03)
77              	(6.69002996e-02 3.66581046e+00 -1.19707530e-01)	(5.83484086e-02 3.67496770e+00 -1.22109733e-01)	(8.55189092e-03 -9.15724604e-03 2.40220273e-03)
78              	(6.70311266e-02 3.66515015e+00 -1.19648163e-01)	(5.84171192e-02 3.67475608e+00 -1.22084823e-01)	(8.61400739e-03 -9.60592932e-03 2.43665995e-03)
79              	(6.71454961e-02 3.66450060e+00 -1.19589963e-01)	(5.84822277e-02 3.67455836e+00 -1.22056202e-01)	(8.66326841e-03 -1.00577557e-02 2.46623905e-03)
80              	(6.72467092e-02 3.66386179e+00 -1.19533727e-01)	(5.85483429e-02 3.67437355e+00 -1.22021142e-01)	(8.69836628e-03 -1.05117662e-02 2.48741553e-03)
81              	(6.73350589e-02 3.66323220e+00 -1.19477448e-01)	(5.86198480e-02 3.67419821e+00 -1.21978441e-01)	(8.71521086e-03 -1.09660153e-02 2.50099291e-03)
82              	(6.74110919e-02 3.66261192e+00 -1.19421260e-01)	(5.87011092e-02 3.67402859e+00 -1.21927525e-01)	(8.70998270e-03 -1.14166685e-02 2.50626539e-03)
83              	(6.74846007e-02 3.66200041e+00 -1.19364176e-01)	(5.87944046e-02 3.67386415e+00 -1.21868438e-01)	(8.69019614e-03 -1.18637335e-02 2.50426231e-03)
84              	(6.75589776e-02 3.66139958e+00 -1.19301005e-01)	(5.88977651e-02 3.67370623e+00 -1.21800205e-01)	(8.66121253e-03 -1.23066453e-02 2.49919937e-03)
85              	(6.76345300e-02 3.66080870e+00 -1.19231155e-01)	(5.90084023e-02 3.67355507e+00 -1.21722508e-01)	(8.62612763e-03 -1.27463697e-02 2.49135251e-03)
86              	(6.77067526e-02 3.66023173e+00 -1.19159374e-01)	(5.91206377e-02 3.67341328e+00 -1.21636794e-01)	(8.58611488e-03 -1.31815512e-02 2.47741989e-03)
87              	(6.77757687e-02 3.65966863e+00 -1.19080950e-01)	(5.92317596e-02 3.67328233e+00 -1.21542187e-01)	(8.54400914e-03 -1.36136990e-02 2.46123696e-03)
88              	(6.78390204e-02 3.65912247e+00 -1.18998333e-01)	(5.93407428e-02 3.67316181e+00 -1.21438575e-01)	(8.49827762e-03 -1.40393372e-02 2.44024220e-03)
89              	(6.78991915e-02 3.65858857e+00 -1.18911699e-01)	(5.94491887e-02 3.67304839e+00 -1.21325797e-01)	(8.45000275e-03 -1.44598171e-02 2.41409844e-03)
90              	(6.79569201e-02 3.65806630e+00 -1.18821569e-01)	(5.95577674e-02 3.67294049e+00 -1.21204857e-01)	(8.39915265e-03 -1.48741959e-02 2.38328823e-03)
91              	(6.80148476e-02 3.65755396e+00 -1.18723426e-01)	(5.96663628e-02 3.67283867e+00 -1.21076045e-01)	(8.34848480e-03 -1.52847054e-02 2.35261881e-03)
92              	(6.80721090e-02 3.65705302e+00 -1.18619467e-01)	(5.97738316e-02 3.67274486e+00 -1.20940486e-01)	(8.29827744e-03 -1.56918376e-02 2.32101951e-03)
93              	(6.81264192e-02 3.65656804e+00 -1.18513200e-01)	(5.98797609e-02 3.67266008e+00 -1.20799063e-01)	(8.24665832e-03 -1.60920388e-02 2.28586381e-03)
94              	(6.81770532e-02 3.65610204e+00 -1.18404823e-01)	(5.99841580e-02 3.67258501e+00 -1.20651604e-01)	(8.19289527e-03 -1.64829699e-02 2.24678099e-03)
95              	(6.82277842e-02 3.65564977e+00 -1.18290597e-01)	(6.00886642e-02 3.67251770e+00 -1.20496409e-01)	(8.13912005e-03 -1.68679310e-02 2.20581196e-03)
96              	(6.82802798e-02 3.65520948e+00 -1.18166800e-01)	(6.01945314e-02 3.67245708e+00 -1.20332490e-01)	(8.08574846e-03 -1.72475972e-02 2.16568943e-03)
97              	(6.83326732e-02 3.65478546e+00 -1.18038568e-01)	(6.03016905e-02 3.67240337e+00 -1.20161311e-01)	(8.03098267e-03 -1.76179111e-02 2.12274255e-03)
98              	(6.83858099e-02 3.65437649e+00 -1.17904461e-01)	(6.04100350e-02 3.67235657e+00 -1.19983438e-01)	(7.97577487e-03 -1.79800808e-02 2.07897685e-03)
99              	(6.84400299e-02 3.65398149e+00 -1.17765242e-01)	(6.05187611e-02 3.67231724e+00 -1.19799426e-01)	(7.92126886e-03 -1.83357509e-02 2.03418376e-03)
100             	(6.84943332e-02 3.65360147e+00 -1.17620037e-01)	(6.06272897e-02 3.67228580e+00 -1.19608655e-01)	(7.86704343e-03 -1.86843344e-02 1.98861800e-03)
101             	(6.85484318e-02 3.65323608e+00 -1.17467798e-01)	(6.07357663e-02 3.67226125e+00 -1.19410404e-01)	(7.81266547e-03 -1.90251705e-02 1.94260601e-03)
102             	(6.86040012e-02 3.65288210e+00 -1.17308056e-01)	(6.08450092e-02 3.67224232e+00 -1.19204436e-01)	(7.75899201e-03 -1.93602175e-02 1.89637981e-03)
103             	(6.86604776e-02 3.65254066e+00 -1.17141535e-01)	(6.09548562e-02 3.67222897e+00 -1.18991158e-01)	(7.70562139e-03 -1.96883094e-02 1.84962229e-03)
104             	(6.87169248e-02 3.65221392e+00 -1.16968314e-01)	(6.10647403e-02 3.67222208e+00 -1.18771305e-01)	(7.65218446e-03 -2.00081624e-02 1.80299086e-03)
105             	(6.87748242e-02 3.65189985e+00 -1.16787624e-01)	(6.11749901e-02 3.67222114e+00 -1.18545158e-01)	(7.59983408e-03 -2.03212968e-02 1.75753447e-03)
106             	(6.88337939e-02 3.65159895e+00 -1.16601413e-01)	(6.12858387e-02 3.67222542e+00 -1.18313081e-01)	(7.54795514e-03 -2.06264658e-02 1.71166800e-03)
107             	(6.88937480e-02 3.65131033e+00 -1.16409568e-01)	(6.13974310e-02 3.67223407e+00 -1.18074887e-01)	(7.49631708e-03 -2.09237428e-02 1.66531942e-03)
108             	(6.89550592e-02 3.65103299e+00 -1.16210744e-01)	(6.15098202e-02 3.67224645e+00 -1.17830203e-01)	(7.44523903e-03 -2.12134679e-02 1.61945934e-03)
109             	(6.90177363e-02 3.65076747e+00 -1.16004770e-01)	(6.16226083e-02 3.67226262e+00 -1.17578862e-01)	(7.39512804e-03 -2.14951441e-02 1.57409177e-03)
110             	(6.90823172e-02 3.65051206e+00 -1.15792102e-01)	(6.17356819e-02 3.67228250e+00 -1.17321246e-01)	(7.34663526e-03 -2.17704460e-02 1.52914384e-03)
111             	(6.91479181e-02 3.65026751e+00 -1.15573596e-01)	(6.18488813e-02 3.67230590e+00 -1.17057697e-01)	(7.29903678e-03 -2.20383957e-02 1.48410168e-03)
112             	(6.92148507e-02 3.65003398e+00 -1.15348970e-01)	(6.19621476e-02 3.67233244e+00 -1.16788503e-01)	(7.25270309e-03 -2.22984539e-02 1.43953289e-03)
113             	(6.92826037e-02 3.64981155e+00 -1.15117856e-01)	(6.20755863e-02 3.67236138e+00 -1.16513613e-01)	(7.20701737e-03 -2.25498259e-02 1.39575665e-03)
114             	(6.93520350e-02 3.64959941e+00 -1.14879087e-01)	(6.21895198e-02 3.67239267e+00 -1.16232581e-01)	(7.16251518e-03 -2.27932554e-02 1.35349463e-03)
115             	(6.94237699e-02 3.64939504e+00 -1.14633178e-01)	(6.23042021e-02 3.67242573e+00 -1.15945816e-01)	(7.11956774e-03 -2.30306836e-02 1.31263724e-03)
116             	(6.94969870e-02 3.64920064e+00 -1.14380898e-01)	(6.24190821e-02 3.67246188e+00 -1.15653648e-01)	(7.07790491e-03 -2.32612359e-02 1.27274966e-03)
117             	(6.95708758e-02 3.64901862e+00 -1.14121793e-01)	(6.25335679e-02 3.67250244e+00 -1.15355855e-01)	(7.03730795e-03 -2.34838231e-02 1.23406246e-03)
118             	(6.96454249e-02 3.64884711e+00 -1.13856448e-01)	(6.26474670e-02 3.67254592e+00 -1.15052428e-01)	(6.99795791e-03 -2.36988103e-02 1.19598043e-03)
119             	(6.97207231e-02 3.64868456e+00 -1.13583679e-01)	(6.27607423e-02 3.67259138e+00 -1.14743391e-01)	(6.95998083e-03 -2.39068147e-02 1.15971165e-03)
120             	(6.97969045e-02 3.64853136e+00 -1.13304186e-01)	(6.28735006e-02 3.67263909e+00 -1.14429139e-01)	(6.92340390e-03 -2.41077255e-02 1.12495275e-03)
121             	(6.98742620e-02 3.64838790e+00 -1.13019445e-01)	(6.29861656e-02 3.67268900e+00 -1.14109987e-01)	(6.88809639e-03 -2.43011003e-02 1.09054274e-03)
122             	(6.99530937e-02 3.64825372e+00 -1.12728194e-01)	(6.30988933e-02 3.67274121e+00 -1.13785439e-01)	(6.85420040e-03 -2.44874883e-02 1.05724569e-03)
123             	(7.00335737e-02 3.64812891e+00 -1.12429939e-01)	(6.32116157e-02 3.67279616e+00 -1.13455441e-01)	(6.82195795e-03 -2.46672555e-02 1.02550166e-03)
124             	(7.01152297e-02 3.64801402e+00 -1.12125572e-01)	(6.33239925e-02 3.67285449e+00 -1.13120382e-01)	(6.79123720e-03 -2.48404712e-02 9.94809596e-04)
125             	(7.01980780e-02 3.64790910e+00 -1.11815799e-01)	(6.34358146e-02 3.67291631e+00 -1.12780815e-01)	(6.76226345e-03 -2.50072125e-02 9.65016236e-04)
126             	(7.02814722e-02 3.64781491e+00 -1.11501124e-01)	(6.35467778e-02 3.67298176e+00 -1.12437035e-01)	(6.73469441e-03 -2.51668515e-02 9.35910820e-04)
127             	(7.03656891e-02 3.64773055e+00 -1.11180652e-01)	(6.36569929e-02 3.67305017e+00 -1.12088775e-01)	(6.70869615e-03 -2.53196178e-02 9.08123355e-04)
128             	(7.04510714e-02 3.64765456e+00 -1.10854474e-01)	(6.37667094e-02 3.67312070e+00 -1.11735945e-01)	(6.68436194e-03 -2.54661396e-02 8.81470485e-04)
129             	(7.05376029e-02 3.64758730e+00 -1.10523459e-01)	(6.38759665e-02 3.67319313e+00 -1.11378849e-01)	(6.66163644e-03 -2.56058380e-02 8.55390115e-04)
130             	(7.06251330e-02 3.64752814e+00 -1.10187750e-01)	(6.39848533e-02 3.67326775e+00 -1.11017834e-01)	(6.64027972e-03 -2.57396118e-02 8.30084530e-04)
131             	(7.07139144e-02 3.64747876e+00 -1.09847253e-01)	(6.40933560e-02 3.67334586e+00 -1.10653099e-01)	(6.62055839e-03 -2.58670941e-02 8.05846329e-04)
132             	(7.08034492e-02 3.64743926e+00 -1.09502404e-01)	(6.42010529e-02 3.67342803e+00 -1.10284682e-01)	(6.60239636e-03 -2.59887759e-02 7.82278261e-04)
133             	(7.08934908e-02 3.64741019e+00 -1.09153367e-01)	(6.43077541e-02 3.67351466e+00 -1.09912812e-01)	(6.58573674e-03 -2.61044663e-02 7.59444291e-04)
134             	(7.09836943e-02 3.64739146e+00 -1.08800368e-01)	(6.44134794e-02 3.67360533e+00 -1.09537554e-01)	(6.57021486e-03 -2.62138644e-02 7.37185629e-04)
135             	(7.10747938e-02 3.64738268e+00 -1.08443460e-01)	(6.45185077e-02 3.67370000e+00 -1.09159177e-01)	(6.55628611e-03 -2.63173222e-02 7.15717382e-04)
136             	(7.11663315e-02 3.64738387e+00 -1.08083485e-01)	(6.46228289e-02 3.67379863e+00 -1.08778328e-01)	(6.54350260e-03 -2.64147653e-02 6.94843502e-04)
137             	(7.12586185e-02 3.64739499e+00 -1.07720356e-01)	(6.47264408e-02 3.67390134e+00 -1.08395217e-01)	(6.53217779e-03 -2.65063581e-02 6.74861044e-04)
138             	(7.13516121e-02 3.64741618e+00 -1.07353763e-01)	(6.48293116e-02 3.67400812e+00 -1.08009590e-01)	(6.52230053e-03 -2.65919419e-02 6.55826963e-04)
139             	(7.14450029e-02 3.64744733e+00 -1.06983898e-01)	(6.49314886e-02 3.67411909e+00 -1.07621633e-01)	(6.51351425e-03 -2.66717570e-02 6.37734943e-04)
140             	(7.15384616e-02 3.64748771e+00 -1.06611765e-01)	(6.50329058e-02 3.67423473e+00 -1.07231726e-01)	(6.50555579e-03 -2.67470279e-02 6.19961154e-04)
141             	(7.16328944e-02 3.64754040e+00 -1.06237487e-01)	(6.51335073e-02 3.67435699e+00 -1.06840334e-01)	(6.49938717e-03 -2.68165995e-02 6.02847294e-04)
142             	(7.17277177e-02 3.64760571e+00 -1.05861186e-01)	(6.52332384e-02 3.67448651e+00 -1.06447784e-01)	(6.49447925e-03 -2.68808031e-02 5.86598929e-04)
143             	(7.18228609e-02 3.64768402e+00 -1.05483016e-01)	(6.53320532e-02 3.67462350e+00 -1.06054232e-01)	(6.49080762e-03 -2.69394790e-02 5.71216366e-04)
144             	(7.19189247e-02 3.64777530e+00 -1.05102937e-01)	(6.54298664e-02 3.67476747e+00 -1.05659891e-01)	(6.48905837e-03 -2.69921682e-02 5.56953091e-04)
145             	(7.20158933e-02 3.64787841e+00 -1.04721494e-01)	(6.55267001e-02 3.67491771e+00 -1.05265327e-01)	(6.48919318e-03 -2.70392950e-02 5.43832528e-04)
146             	(7.21134179e-02 3.64799345e+00 -1.04339747e-01)	(6.56225860e-02 3.67507369e+00 -1.04871118e-01)	(6.49083190e-03 -2.70802362e-02 5.31371412e-04)
147             	(7.22117352e-02 3.64811997e+00 -1.03957567e-01)	(6.57174839e-02 3.67523540e+00 -1.04477758e-01)	(6.49425130e-03 -2.71154296e-02 5.20191168e-04)
148             	(7.23105419e-02 3.64825854e+00 -1.03575697e-01)	(6.58112933e-02 3.67540282e+00 -1.04085424e-01)	(6.49924854e-03 -2.71442820e-02 5.09727153e-04)
149             	(7.24104075e-02 3.64840912e+00 -1.03193113e-01)	(6.59040444e-02 3.67557655e+00 -1.03694133e-01)	(6.50636315e-03 -2.71674278e-02 5.01019279e-04)
150             	(7.25105266e-02 3.64857161e+00 -1.02811106e-01)	(6.59954949e-02 3.67575665e+00 -1.03304092e-01)	(6.51503175e-03 -2.71850389e-02 4.92986165e-04)
151             	(7.26106242e-02 3.64874663e+00 -1.02430199e-01)	(6.60856250e-02 3.67594386e+00 -1.02915560e-01)	(6.52499921e-03 -2.71972233e-02 4.85360584e-04)
152             	(7.27109896e-02 3.64893424e+00 -1.02050520e-01)	(6.61745525e-02 3.67613811e+00 -1.02528685e-01)	(6.53643712e-03 -2.72038634e-02 4.78164686e-04)
153             	(7.28117629e-02 3.64913522e+00 -1.01671867e-01)	(6.62623478e-02 3.67633993e+00 -1.02143621e-01)	(6.54941511e-03 -2.72047083e-02 4.71753580e-04)
154             	(7.29125612e-02 3.64934909e+00 -1.01294451e-01)	(6.63487246e-02 3.67654900e+00 -1.01760603e-01)	(6.56383660e-03 -2.71999095e-02 4.66152172e-04)
155             	(7.30132679e-02 3.64957644e+00 -1.00918775e-01)	(6.64335944e-02 3.67676565e+00 -1.01379988e-01)	(6.57967345e-03 -2.71892084e-02 4.61213156e-04)
156             	(7.31136956e-02 3.64981667e+00 -1.00545405e-01)	(6.65169405e-02 3.67698995e+00 -1.01002109e-01)	(6.59675502e-03 -2.71732796e-02 4.56703407e-04)
157             	(7.32142238e-02 3.65007064e+00 -1.00174595e-01)	(6.65990133e-02 3.67722257e+00 -1.00627182e-01)	(6.61521046e-03 -2.71519311e-02 4.52586920e-04)
158             	(7.33149601e-02 3.65033866e+00 -9.98063856e-02)	(6.66799130e-02 3.67746313e+00 -1.00255288e-01)	(6.63504709e-03 -2.71244727e-02 4.48902234e-04)
159             	(7.34156946e-02 3.65061986e+00 -9.94406980e-02)	(6.67595352e-02 3.67771133e+00 -9.98864546e-02)	(6.65615943e-03 -2.70914640e-02 4.45756540e-04)
160             	(7.35161286e-02 3.65091289e+00 -9.90773214e-02)	(6.68377117e-02 3.67796626e+00 -9.95205466e-02)	(6.67841695e-03 -2.70533666e-02 4.43225171e-04)
161             	(7.36163627e-02 3.65121789e+00 -9.87164387e-02)	(6.69143948e-02 3.67822825e+00 -9.91576226e-02)	(6.70196785e-03 -2.70103626e-02 4.41183882e-04)
162             	(7.37163202e-02 3.65153405e+00 -9.83582490e-02)	(6.69895498e-02 3.67849672e+00 -9.87979773e-02)	(6.72677046e-03 -2.69626726e-02 4.39728214e-04)
163             	(7.38159899e-02 3.65186137e+00 -9.80029959e-02)	(6.70632231e-02 3.67877165e+00 -9.84420169e-02)	(6.75276679e-03 -2.69102831e-02 4.39020967e-04)
164             	(7.39152600e-02 3.65219911e+00 -9.76511500e-02)	(6.71353046e-02 3.67905216e+00 -9.80900812e-02)	(6.77995538e-03 -2.68530552e-02 4.38931129e-04)
165             	(7.40144819e-02 3.65254724e+00 -9.73029253e-02)	(6.72060422e-02 3.67933837e+00 -9.77422805e-02)	(6.80843974e-03 -2.67911223e-02 4.39355217e-04)
166             	(7.41135276e-02 3.65290523e+00 -9.69582429e-02)	(6.72755226e-02 3.67962987e+00 -9.73985800e-02)	(6.83800503e-03 -2.67246441e-02 4.40337093e-04)
167             	(7.42124683e-02 3.65327303e+00 -9.66171090e-02)	(6.73436537e-02 3.67992660e+00 -9.70589658e-02)	(6.86881453e-03 -2.66535707e-02 4.41856773e-04)
168             	(7.43112040e-02 3.65364925e+00 -9.62794747e-02)	(6.74103315e-02 3.68022755e+00 -9.67235331e-02)	(6.90087247e-03 -2.65782953e-02 4.44058355e-04)
169             	(7.44095069e-02 3.65403316e+00 -9.59454201e-02)	(6.74755415e-02 3.68053220e+00 -9.63923068e-02)	(6.93396545e-03 -2.64990358e-02 4.46886671e-04)
170             	(7.45072424e-02 3.65442333e+00 -9.56151312e-02)	(6.75392006e-02 3.68083912e+00 -9.60653811e-02)	(6.96804180e-03 -2.64157934e-02 4.50249868e-04)
171             	(7.46044559e-02 3.65482086e+00 -9.52888359e-02)	(6.76014592e-02 3.68115005e+00 -9.57429881e-02)	(7.00299671e-03 -2.63291892e-02 4.54152247e-04)
172             	(7.47015109e-02 3.65522717e+00 -9.49661808e-02)	(6.76624759e-02 3.68146583e+00 -9.54250166e-02)	(7.03903501e-03 -2.62386563e-02 4.58835800e-04)
173             	(7.47983754e-02 3.65564244e+00 -9.46472354e-02)	(6.77222592e-02 3.68178664e+00 -9.51114865e-02)	(7.07611621e-03 -2.61441976e-02 4.64251061e-04)
174             	(7.48946918e-02 3.65606444e+00 -9.43321469e-02)	(6.77806213e-02 3.68211045e+00 -9.48024215e-02)	(7.11407050e-03 -2.60460036e-02 4.70274631e-04)
175             	(7.49905437e-02 3.65649205e+00 -9.40208003e-02)	(6.78376038e-02 3.68243598e+00 -9.44977518e-02)	(7.15293998e-03 -2.59439321e-02 4.76951494e-04)
176             	(7.50856675e-02 3.65692358e+00 -9.37130278e-02)	(6.78931860e-02 3.68276236e+00 -9.41973643e-02)	(7.19248148e-03 -2.58387783e-02 4.84336518e-04)
177             	(7.51802859e-02 3.65735992e+00 -9.34087972e-02)	(6.79475223e-02 3.68309093e+00 -9.39013257e-02)	(7.23276355e-03 -2.57310128e-02 4.92528520e-04)
178             	(7.52746793e-02 3.65780216e+00 -9.31083168e-02)	(6.80006125e-02 3.68342186e+00 -9.36097989e-02)	(7.27406678e-03 -2.56197013e-02 5.01482118e-04)
179             	(7.53688967e-02 3.65825037e+00 -9.28114922e-02)	(6.80524840e-02 3.68375571e+00 -9.33228317e-02)	(7.31641267e-03 -2.55053358e-02 5.11339494e-04)
180             	(7.54627506e-02 3.65870248e+00 -9.25184828e-02)	(6.81029100e-02 3.68409054e+00 -9.30403857e-02)	(7.35984058e-03 -2.53880552e-02 5.21902865e-04)
181             	(7.55563791e-02 3.65915941e+00 -9.22288500e-02)	(6.81520692e-02 3.68442745e+00 -9.27624086e-02)	(7.40430991e-03 -2.52680429e-02 5.33558592e-04)
182             	(7.56495272e-02 3.65962051e+00 -9.19426156e-02)	(6.81997539e-02 3.68476593e+00 -9.24888503e-02)	(7.44977330e-03 -2.51454154e-02 5.46234691e-04)
183             	(7.57421925e-02 3.66008737e+00 -9.16596169e-02)	(6.82460596e-02 3.68510770e+00 -9.22194315e-02)	(7.49613296e-03 -2.50203277e-02 5.59814604e-04)
184             	(7.58337463e-02 3.66055522e+00 -9.13795778e-02)	(6.82908741e-02 3.68545069e+00 -9.19539692e-02)	(7.54287217e-03 -2.48954659e-02 5.74391423e-04)
185             	(7.59235096e-02 3.66102127e+00 -9.11022895e-02)	(6.83344552e-02 3.68579580e+00 -9.16925128e-02)	(7.58905433e-03 -2.47745278e-02 5.90223261e-04)
186             	(7.60094223e-02 3.66147667e+00 -9.08279439e-02)	(6.83769362e-02 3.68614247e+00 -9.14352167e-02)	(7.63248609e-03 -2.46657944e-02 6.07272725e-04)
187             	(7.60932618e-02 3.66192937e+00 -9.05570162e-02)	(6.84190204e-02 3.68649424e+00 -9.11821146e-02)	(7.67424141e-03 -2.45648643e-02 6.25098344e-04)
188             	(7.61767772e-02 3.66238554e+00 -9.02892098e-02)	(6.84610049e-02 3.68685252e+00 -9.09330593e-02)	(7.71577223e-03 -2.44669758e-02 6.43849527e-04)
189             	(7.62609814e-02 3.66285080e+00 -9.00238045e-02)	(6.85029982e-02 3.68721950e+00 -9.06878309e-02)	(7.75798316e-03 -2.43686999e-02 6.64026390e-04)
190             	(7.63455113e-02 3.66332116e+00 -8.97606118e-02)	(6.85445409e-02 3.68759230e+00 -9.04462502e-02)	(7.80097044e-03 -2.42711367e-02 6.85638360e-04)
191             	(7.64298968e-02 3.66379474e+00 -8.94997158e-02)	(6.85852990e-02 3.68796836e+00 -9.02081294e-02)	(7.84459782e-03 -2.41736209e-02 7.08413597e-04)
192             	(7.65143518e-02 3.66427034e+00 -8.92412535e-02)	(6.86251741e-02 3.68834485e+00 -8.99733875e-02)	(7.88917769e-03 -2.40745055e-02 7.32133993e-04)
193             	(7.65985689e-02 3.66474576e+00 -8.89848524e-02)	(6.86640360e-02 3.68871990e+00 -8.97421379e-02)	(7.93453293e-03 -2.39741393e-02 7.57285496e-04)
194             	(7.66824795e-02 3.66522009e+00 -8.87312225e-02)	(6.87020105e-02 3.68909370e+00 -8.95146969e-02)	(7.98046899e-03 -2.38736126e-02 7.83474460e-04)
195             	(7.67659832e-02 3.66569349e+00 -8.84804098e-02)	(6.87390653e-02 3.68946657e+00 -8.92911653e-02)	(8.02691799e-03 -2.37730842e-02 8.10755555e-04)
196             	(7.68495071e-02 3.66616910e+00 -8.82322145e-02)	(6.87753232e-02 3.68984088e+00 -8.90713753e-02)	(8.07418388e-03 -2.36717756e-02 8.39160782e-04)
197             	(7.69330709e-02 3.66664569e+00 -8.79863232e-02)	(6.88107830e-02 3.69021581e+00 -8.88551634e-02)	(8.12228786e-03 -2.35701156e-02 8.68840233e-04)
198             	(7.70167309e-02 3.66712428e+00 -8.77429971e-02)	(6.88455296e-02 3.69059179e+00 -8.86424637e-02)	(8.17120124e-03 -2.34675105e-02 8.99466608e-04)
199             	(7.71000751e-02 3.66760305e+00 -8.75024270e-02)	(6.88791960e-02 3.69096647e+00 -8.84331352e-02)	(8.22087912e-03 -2.33634161e-02 9.30708248e-04)
200             	(7.71830396e-02 3.66808110e+00 -8.72642275e-02)	(6.89118119e-02 3.69133971e+00 -8.82272275e-02)	(8.27122767e-03 -2.32586125e-02 9.63000012e-04)
201             	(7.72653663e-02 3.66855530e+00 -8.70287706e-02)	(6.89432099e-02 3.69170869e+00 -8.80248996e-02)	(8.32215635e-03 -2.31533887e-02 9.96128955e-04)
202             	(7.73476337e-02 3.66902785e+00 -8.67958386e-02)	(6.89737958e-02 3.69207572e+00 -8.78260614e-02)	(8.37383790e-03 -2.30478674e-02 1.03022280e-03)
203             	(7.74295666e-02 3.66949786e+00 -8.65651462e-02)	(6.90034166e-02 3.69244002e+00 -8.76306455e-02)	(8.42614995e-03 -2.29421542e-02 1.06549931e-03)
204             	(7.75116295e-02 3.66996934e+00 -8.63371305e-02)	(6.90323580e-02 3.69280489e+00 -8.74387749e-02)	(8.47927150e-03 -2.28355534e-02 1.10164444e-03)
205             	(7.75935257e-02 3.67043864e+00 -8.61116281e-02)	(6.90603852e-02 3.69316705e+00 -8.72500546e-02)	(8.53314059e-03 -2.27284088e-02 1.13842651e-03)
206             	(7.76751757e-02 3.67090638e+00 -8.58883388e-02)	(6.90875036e-02 3.69352647e+00 -8.70641868e-02)	(8.58767216e-03 -2.26200920e-02 1.17584801e-03)
207             	(7.77560966e-02 3.67136952e+00 -8.56672790e-02)	(6.91133183e-02 3.69388021e+00 -8.68813518e-02)	(8.64277836e-03 -2.25106886e-02 1.21407283e-03)
208             	(7.78365605e-02 3.67183274e+00 -8.54487507e-02)	(6.91381375e-02 3.69423373e+00 -8.67018279e-02)	(8.69842305e-03 -2.24009887e-02 1.25307715e-03)
209             	(7.79163779e-02 3.67229415e+00 -8.52322640e-02)	(6.91618741e-02 3.69458546e+00 -8.65256254e-02)	(8.75450375e-03 -2.22913049e-02 1.29336140e-03)
210             	(7.79959881e-02 3.67275595e+00 -8.50178392e-02)	(6.91848706e-02 3.69493706e+00 -8.63524942e-02)	(8.81111751e-03 -2.21811148e-02 1.33465500e-03)
211             	(7.80748310e-02 3.67321277e+00 -8.48053943e-02)	(6.92068939e-02 3.69528409e+00 -8.61821304e-02)	(8.86793712e-03 -2.20713166e-02 1.37673614e-03)
212             	(7.81535608e-02 3.67366449e+00 -8.45945960e-02)	(6.92280551e-02 3.69562515e+00 -8.60142116e-02)	(8.92550574e-03 -2.19606524e-02 1.41961567e-03)
213             	(7.82319599e-02 3.67410782e+00 -8.43857218e-02)	(6.92482151e-02 3.69595707e+00 -8.58486176e-02)	(8.98374481e-03 -2.18492481e-02 1.46289585e-03)
214             	(7.83104419e-02 3.67454673e+00 -8.41787703e-02)	(6.92676732e-02 3.69628386e+00 -8.56855837e-02)	(9.04276864e-03 -2.17371384e-02 1.50681333e-03)
215             	(7.83885235e-02 3.67498223e+00 -8.39740232e-02)	(6.92861503e-02 3.69660712e+00 -8.55253654e-02)	(9.10237312e-03 -2.16248873e-02 1.55134220e-03)
216             	(7.84666028e-02 3.67541825e+00 -8.37718984e-02)	(6.93038421e-02 3.69693034e+00 -8.53681540e-02)	(9.16276071e-03 -2.15120867e-02 1.59625568e-03)
217             	(7.85445336e-02 3.67585150e+00 -8.35722131e-02)	(6.93208186e-02 3.69725082e+00 -8.52138829e-02)	(9.22371494e-03 -2.13993243e-02 1.64166983e-03)
218             	(7.86224314e-02 3.67628145e+00 -8.33746182e-02)	(6.93373969e-02 3.69756829e+00 -8.50623188e-02)	(9.28503457e-03 -2.12868433e-02 1.68770067e-03)
219             	(7.87004656e-02 3.67670608e+00 -8.31788736e-02)	(6.93536404e-02 3.69788066e+00 -8.49131801e-02)	(9.34682520e-03 -2.11745823e-02 1.73430642e-03)
220             	(7.87789011e-02 3.67712751e+00 -8.29848796e-02)	(6.93696390e-02 3.69818983e+00 -8.47662726e-02)	(9.40926212e-03 -2.10623190e-02 1.78139291e-03)
221             	(7.88575581e-02 3.67754575e+00 -8.27923321e-02)	(6.93852037e-02 3.69849554e+00 -8.46216268e-02)	(9.47235437e-03 -2.09497903e-02 1.82929466e-03)
222             	(7.89363994e-02 3.67796191e+00 -8.26018462e-02)	(6.94003500e-02 3.69879912e+00 -8.44795377e-02)	(9.53604944e-03 -2.08372152e-02 1.87769146e-03)
223             	(7.90152713e-02 3.67837398e+00 -8.24131890e-02)	(6.94149963e-02 3.69909902e+00 -8.43400271e-02)	(9.60027502e-03 -2.07250374e-02 1.92683816e-03)
224             	(7.90942888e-02 3.67878309e+00 -8.22271036e-02)	(6.94291533e-02 3.69939597e+00 -8.42032057e-02)	(9.66513545e-03 -2.06128817e-02 1.97610218e-03)
225             	(7.91729407e-02 3.67918737e+00 -8.20436248e-02)	(6.94425078e-02 3.69968889e+00 -8.40690280e-02)	(9.73043288e-03 -2.05015196e-02 2.02540319e-03)
226             	(7.92513062e-02 3.67958805e+00 -8.18623305e-02)	(6.94549905e-02 3.69997890e+00 -8.39373824e-02)	(9.79631564e-03 -2.03908424e-02 2.07505193e-03)
227             	(7.93292735e-02 3.67998244e+00 -8.16833530e-02)	(6.94664302e-02 3.70026410e+00 -8.38080156e-02)	(9.86284332e-03 -2.02816637e-02 2.12466258e-03)
228             	(7.94073390e-02 3.68036992e+00 -8.15060394e-02)	(6.94771225e-02 3.70054473e+00 -8.36807133e-02)	(9.93021653e-03 -2.01748061e-02 2.17467397e-03)
229             	(7.94856931e-02 3.68074907e+00 -8.13298687e-02)	(6.94871863e-02 3.70081902e+00 -8.35554485e-02)	(9.99850685e-03 -2.00699449e-02 2.22557972e-03)
230             	(7.95645432e-02 3.68112136e+00 -8.11549501e-02)	(6.94969219e-02 3.70108786e+00 -8.34324221e-02)	(1.00676213e-02 -1.99664944e-02 2.27747204e-03)
231             	(7.96439821e-02 3.68148836e+00 -8.09821756e-02)	(6.95064875e-02 3.70135167e+00 -8.33118682e-02)	(1.01374946e-02 -1.98633123e-02 2.32969264e-03)
232             	(7.97239271e-02 3.68185220e+00 -8.08118703e-02)	(6.95159421e-02 3.70161240e+00 -8.31938363e-02)	(1.02079850e-02 -1.97601931e-02 2.38196605e-03)
233             	(7.98031490e-02 3.68221136e+00 -8.06436284e-02)	(6.95248505e-02 3.70186960e+00 -8.30781826e-02)	(1.02782985e-02 -1.96582349e-02 2.43455413e-03)
234             	(7.98821533e-02 3.68256736e+00 -8.04771298e-02)	(6.95332492e-02 3.70212458e+00 -8.29646984e-02)	(1.03489041e-02 -1.95572133e-02 2.48756855e-03)
235             	(7.99611113e-02 3.68291912e+00 -8.03124685e-02)	(6.95411725e-02 3.70237599e+00 -8.28533227e-02)	(1.04199388e-02 -1.94568744e-02 2.54085420e-03)
236             	(8.00402322e-02 3.68326700e+00 -8.01498833e-02)	(6.95487674e-02 3.70262415e+00 -8.27440200e-02)	(1.04914649e-02 -1.93571451e-02 2.59413667e-03)
237             	(8.01194341e-02 3.68360996e+00 -7.99893086e-02)	(6.95559260e-02 3.70286742e+00 -8.26366052e-02)	(1.05635081e-02 -1.92574655e-02 2.64729664e-03)
238             	(8.01987307e-02 3.68394853e+00 -7.98301718e-02)	(6.95627809e-02 3.70310689e+00 -8.25308922e-02)	(1.06359498e-02 -1.91583572e-02 2.70072041e-03)
239             	(8.02777573e-02 3.68428102e+00 -7.96725382e-02)	(6.95692412e-02 3.70334174e+00 -8.24268509e-02)	(1.07085161e-02 -1.90607164e-02 2.75431269e-03)
240             	(8.03568617e-02 3.68461000e+00 -7.95163576e-02)	(6.95755034e-02 3.70357416e+00 -8.23246753e-02)	(1.07813584e-02 -1.89641609e-02 2.80831770e-03)
241             	(8.04360362e-02 3.68493556e+00 -7.93618290e-02)	(6.95815857e-02 3.70380391e+00 -8.22245022e-02)	(1.08544505e-02 -1.88683468e-02 2.86267320e-03)
242             	(8.05155366e-02 3.68525942e+00 -7.92088704e-02)	(6.95875478e-02 3.70403218e+00 -8.21262287e-02)	(1.09279889e-02 -1.87727615e-02 2.91735830e-03)
243             	(8.05948498e-02 3.68557889e+00 -7.90577886e-02)	(6.95930332e-02 3.70425665e+00 -8.20297381e-02)	(1.10018166e-02 -1.86777630e-02 2.97194943e-03)
244             	(8.06738931e-02 3.68589465e+00 -7.89088006e-02)	(6.95979742e-02 3.70447775e+00 -8.19350377e-02)	(1.10759189e-02 -1.85830954e-02 3.02623716e-03)
245             	(8.07527602e-02 3.68620631e+00 -7.87616809e-02)	(6.96023882e-02 3.70469500e+00 -8.18419928e-02)	(1.11503720e-02 -1.84886832e-02 3.08031186e-03)
246             	(8.08314674e-02 3.68651344e+00 -7.86164418e-02)	(6.96063703e-02 3.70490844e+00 -8.17506636e-02)	(1.12250972e-02 -1.83949916e-02 3.13422186e-03)
247             	(8.09100205e-02 3.68681557e+00 -7.84728307e-02)	(6.96101369e-02 3.70511858e+00 -8.16611348e-02)	(1.12998835e-02 -1.83030171e-02 3.18830418e-03)
248             	(8.09886484e-02 3.68711370e+00 -7.83310691e-02)	(6.96139816e-02 3.70532655e+00 -8.15733351e-02)	(1.13746668e-02 -1.82128559e-02 3.24226597e-03)
249             	(8.10673074e-02 3.68740836e+00 -7.81910850e-02)	(6.96177897e-02 3.70553231e+00 -8.14870481e-02)	(1.14495178e-02 -1.81239478e-02 3.29596308e-03)
250             	(8.11459502e-02 3.68770026e+00 -7.80519409e-02)	(6.96215275e-02 3.70573653e+00 -8.14020475e-02)	(1.15244227e-02 -1.80362670e-02 3.35010660e-03)
251             	(8.12246331e-02 3.68798865e+00 -7.79139896e-02)	(6.96249814e-02 3.70593751e+00 -8.13182527e-02)	(1.15996516e-02 -1.79488676e-02 3.40426308e-03)
252             	(8.13034404e-02 3.68827463e+00 -7.77775611e-02)	(6.96281951e-02 3.70613630e+00 -8.12359220e-02)	(1.16752454e-02 -1.78616712e-02 3.45836089e-03)
253             	(8.13820854e-02 3.68855649e+00 -7.76427707e-02)	(6.96309683e-02 3.70633147e+00 -8.11551615e-02)	(1.17511171e-02 -1.77749883e-02 3.51239082e-03)
254             	(8.14607324e-02 3.68883684e+00 -7.75103162e-02)	(6.96335535e-02 3.70652552e+00 -8.10761099e-02)	(1.18271789e-02 -1.76886858e-02 3.56579372e-03)
255             	(8.15389440e-02 3.68911165e+00 -7.73793831e-02)	(6.96357432e-02 3.70671511e+00 -8.09986118e-02)	(1.19032009e-02 -1.76034611e-02 3.61922871e-03)
256             	(8.16172012e-02 3.68938404e+00 -7.72495512e-02)	(6.96381506e-02 3.70690349e+00 -8.09224611e-02)	(1.19790506e-02 -1.75194503e-02 3.67290983e-03)
257             	(8.16945260e-02 3.68964845e+00 -7.71210145e-02)	(6.96402324e-02 3.70708561e+00 -8.08475962e-02)	(1.20542935e-02 -1.74371627e-02 3.72658170e-03)
258             	(8.17722922e-02 3.68991203e+00 -7.69939863e-02)	(6.96425677e-02 3.70726773e+00 -8.07742792e-02)	(1.21297245e-02 -1.73556941e-02 3.78029289e-03)
259             	(8.18498698e-02 3.69017077e+00 -7.68681487e-02)	(6.96447667e-02 3.70744588e+00 -8.07024623e-02)	(1.22051031e-02 -1.72751096e-02 3.83431362e-03)
260             	(8.19270357e-02 3.69042790e+00 -7.67439236e-02)	(6.96470589e-02 3.70762369e+00 -8.06322412e-02)	(1.22799768e-02 -1.71957887e-02 3.88831763e-03)
261             	(8.20042017e-02 3.69068033e+00 -7.66212957e-02)	(6.96491305e-02 3.70779752e+00 -8.05636256e-02)	(1.23550712e-02 -1.71171850e-02 3.94232992e-03)
262             	(8.20812302e-02 3.69093009e+00 -7.65007072e-02)	(6.96508871e-02 3.70796910e+00 -8.04966109e-02)	(1.24303431e-02 -1.70390088e-02 3.99590369e-03)
263             	(8.21576648e-02 3.69117426e+00 -7.63817766e-02)	(6.96520631e-02 3.70813622e+00 -8.04309046e-02)	(1.25056017e-02 -1.69619619e-02 4.04912798e-03)
264             	(8.22342196e-02 3.69141717e+00 -7.62642305e-02)	(6.96531981e-02 3.70830322e+00 -8.03663588e-02)	(1.25810215e-02 -1.68860413e-02 4.10212829e-03)
265             	(8.23105406e-02 3.69165511e+00 -7.61476270e-02)	(6.96540965e-02 3.70846662e+00 -8.03028473e-02)	(1.26564441e-02 -1.68115118e-02 4.15522035e-03)
266             	(8.23870701e-02 3.69189189e+00 -7.60324140e-02)	(6.96550515e-02 3.70862954e+00 -8.02405545e-02)	(1.27320187e-02 -1.67376482e-02 4.20814055e-03)
267             	(8.24633833e-02 3.69212386e+00 -7.59178783e-02)	(6.96558799e-02 3.70878890e+00 -8.01794923e-02)	(1.28075034e-02 -1.66650445e-02 4.26161405e-03)
268             	(8.25399257e-02 3.69235419e+00 -7.58046800e-02)	(6.96567460e-02 3.70894720e+00 -8.01197823e-02)	(1.28831797e-02 -1.65930135e-02 4.31510224e-03)
269             	(8.26163699e-02 3.69258031e+00 -7.56930687e-02)	(6.96573434e-02 3.70910174e+00 -8.00613260e-02)	(1.29590265e-02 -1.65214287e-02 4.36825729e-03)
270             	(8.26927457e-02 3.69280505e+00 -7.55829064e-02)	(6.96577425e-02 3.70925545e+00 -8.00041575e-02)	(1.30350032e-02 -1.64504024e-02 4.42125103e-03)
271             	(8.27688650e-02 3.69302569e+00 -7.54740367e-02)	(6.96578991e-02 3.70940633e+00 -7.99481940e-02)	(1.31109659e-02 -1.63806450e-02 4.47415726e-03)
272             	(8.28450703e-02 3.69324527e+00 -7.53662666e-02)	(6.96581238e-02 3.70955691e+00 -7.98933706e-02)	(1.31869465e-02 -1.63116448e-02 4.52710396e-03)
273             	(8.29213005e-02 3.69346096e+00 -7.52594322e-02)	(6.96584943e-02 3.70970504e+00 -7.98395182e-02)	(1.32628063e-02 -1.62440880e-02 4.58008600e-03)
274             	(8.29975835e-02 3.69367337e+00 -7.51536150e-02)	(6.96588470e-02 3.70985072e+00 -7.97866334e-02)	(1.33387365e-02 -1.61773504e-02 4.63301840e-03)
275             	(8.30739368e-02 3.69388212e+00 -7.50487770e-02)	(6.96591987e-02 3.70999375e+00 -7.97348153e-02)	(1.34147381e-02 -1.61116279e-02 4.68603830e-03)
276             	(8.31500774e-02 3.69408818e+00 -7.49450680e-02)	(6.96594322e-02 3.71013508e+00 -7.96841237e-02)	(1.34906452e-02 -1.60469016e-02 4.73905565e-03)
277             	(8.32258769e-02 3.69429102e+00 -7.48423772e-02)	(6.96596350e-02 3.71027502e+00 -7.96346191e-02)	(1.35662420e-02 -1.59839997e-02 4.79224186e-03)
278             	(8.33015001e-02 3.69449092e+00 -7.47408346e-02)	(6.96598102e-02 3.71041358e+00 -7.95862960e-02)	(1.36416899e-02 -1.59226584e-02 4.84546143e-03)
279             	(8.33772899e-02 3.69468844e+00 -7.46403557e-02)	(6.96601844e-02 3.71055097e+00 -7.95390389e-02)	(1.37171056e-02 -1.58625300e-02 4.89868314e-03)
280             	(8.34532978e-02 3.69488384e+00 -7.45411365e-02)	(6.96607253e-02 3.71068695e+00 -7.94927688e-02)	(1.37925725e-02 -1.58031052e-02 4.95163227e-03)
281             	(8.35294649e-02 3.69507677e+00 -7.44428247e-02)	(6.96614630e-02 3.71082161e+00 -7.94474350e-02)	(1.38680019e-02 -1.57448475e-02 5.00461028e-03)
282             	(8.36056163e-02 3.69526697e+00 -7.43454626e-02)	(6.96622299e-02 3.71095439e+00 -7.94029783e-02)	(1.39433864e-02 -1.56874200e-02 5.05751569e-03)
283             	(8.36816924e-02 3.69545457e+00 -7.42490682e-02)	(6.96630319e-02 3.71108523e+00 -7.93594067e-02)	(1.40186605e-02 -1.56306578e-02 5.11033846e-03)
284             	(8.37579193e-02 3.69563954e+00 -7.41537706e-02)	(6.96638691e-02 3.71121409e+00 -7.93167382e-02)	(1.40940502e-02 -1.55745497e-02 5.16296762e-03)
285             	(8.38340782e-02 3.69582077e+00 -7.40593761e-02)	(6.96646639e-02 3.71134003e+00 -7.92749570e-02)	(1.41694142e-02 -1.55192558e-02 5.21558084e-03)
286             	(8.39100536e-02 3.69599987e+00 -7.39663598e-02)	(6.96655531e-02 3.71146518e+00 -7.92341545e-02)	(1.42445004e-02 -1.54653095e-02 5.26779469e-03)
287             	(8.39858536e-02 3.69617523e+00 -7.38740722e-02)	(6.96663883e-02 3.71158783e+00 -7.91942306e-02)	(1.43194652e-02 -1.54125942e-02 5.32015834e-03)
288             	(8.40618873e-02 3.69635047e+00 -7.37825977e-02)	(6.96674317e-02 3.71171085e+00 -7.91551608e-02)	(1.43944556e-02 -1.53603782e-02 5.37256308e-03)
289             	(8.41379237e-02 3.69652235e+00 -7.36922734e-02)	(6.96686195e-02 3.71183147e+00 -7.91169575e-02)	(1.44693042e-02 -1.53091264e-02 5.42468411e-03)
290             	(8.42139864e-02 3.69669091e+00 -7.36028747e-02)	(6.96699259e-02 3.71195034e+00 -7.90796465e-02)	(1.45440605e-02 -1.52594298e-02 5.47677184e-03)
291             	(8.42899687e-02 3.69685567e+00 -7.35143415e-02)	(6.96711335e-02 3.71206594e+00 -7.90429910e-02)	(1.46188352e-02 -1.52102743e-02 5.52864951e-03)
292             	(8.43657998e-02 3.69701902e+00 -7.34262250e-02)	(6.96721857e-02 3.71218082e+00 -7.90069051e-02)	(1.46936141e-02 -1.51618043e-02 5.58068005e-03)
293             	(8.44412781e-02 3.69717990e+00 -7.33387248e-02)	(6.96731082e-02 3.71229449e+00 -7.89715004e-02)	(1.47681698e-02 -1.51145902e-02 5.63277563e-03)
294             	(8.45164637e-02 3.69733905e+00 -7.32518424e-02)	(6.96740438e-02 3.71240841e+00 -7.89369826e-02)	(1.48424199e-02 -1.50693622e-02 5.68514021e-03)
295             	(8.45917285e-02 3.69749641e+00 -7.31657403e-02)	(6.96752675e-02 3.71252168e+00 -7.89033463e-02)	(1.49164610e-02 -1.50252672e-02 5.73760599e-03)
296             	(8.46672858e-02 3.69765182e+00 -7.30800616e-02)	(6.96768525e-02 3.71263385e+00 -7.88705079e-02)	(1.49904332e-02 -1.49820363e-02 5.79044623e-03)
297             	(8.47430564e-02 3.69780409e+00 -7.29952110e-02)	(6.96786688e-02 3.71274370e+00 -7.88384119e-02)	(1.50643876e-02 -1.49396108e-02 5.84320083e-03)
298             	(8.48187507e-02 3.69795419e+00 -7.29106352e-02)	(6.96805262e-02 3.71285256e+00 -7.88070503e-02)	(1.51382245e-02 -1.48983609e-02 5.89641511e-03)
299             	(8.48942496e-02 3.69810202e+00 -7.28266755e-02)	(6.96823322e-02 3.71296039e+00 -7.87765657e-02)	(1.52119174e-02 -1.48583757e-02 5.94989026e-03)
300             	(8.49695344e-02 3.69824849e+00 -7.27436513e-02)	(6.96840744e-02 3.71306790e+00 -7.87469864e-02)	(1.52854599e-02 -1.48194050e-02 6.00333513e-03)
301             	(8.50445240e-02 3.69839163e+00 -7.26610219e-02)	(6.96857179e-02 3.71317326e+00 -7.87181555e-02)	(1.53588061e-02 -1.47816372e-02 6.05713361e-03)
302             	(8.51195819e-02 3.69853364e+00 -7.25787601e-02)	(6.96874941e-02 3.71327839e+00 -7.86900475e-02)	(1.54320877e-02 -1.47447533e-02 6.11128733e-03)
303             	(8.51947879e-02 3.69867364e+00 -7.24974305e-02)	(6.96895129e-02 3.71338252e+00 -7.86625952e-02)	(1.55052750e-02 -1.47088711e-02 6.16516464e-03)
304             	(8.52701804e-02 3.69881266e+00 -7.24168445e-02)	(6.96916795e-02 3.71348614e+00 -7.86356730e-02)	(1.55785009e-02 -1.46734825e-02 6.21882848e-03)
305             	(8.53453267e-02 3.69894873e+00 -7.23367669e-02)	(6.96936989e-02 3.71358734e+00 -7.86093070e-02)	(1.56516279e-02 -1.46386175e-02 6.27254010e-03)
306             	(8.54202233e-02 3.69908323e+00 -7.22574857e-02)	(6.96955707e-02 3.71368787e+00 -7.85835521e-02)	(1.57246527e-02 -1.46046337e-02 6.32606640e-03)
307             	(8.54947109e-02 3.69921474e+00 -7.21786251e-02)	(6.96972716e-02 3.71378653e+00 -7.85583510e-02)	(1.57974392e-02 -1.45717879e-02 6.37972583e-03)
308             	(8.55690156e-02 3.69934444e+00 -7.20998715e-02)	(6.96989058e-02 3.71388439e+00 -7.85336927e-02)	(1.58701097e-02 -1.45399530e-02 6.43382125e-03)
309             	(8.56432663e-02 3.69947212e+00 -7.20215758e-02)	(6.97007311e-02 3.71398141e+00 -7.85096131e-02)	(1.59425352e-02 -1.45092828e-02 6.48803738e-03)
310             	(8.57175606e-02 3.69959824e+00 -7.19438802e-02)	(6.97027988e-02 3.71407792e+00 -7.84862070e-02)	(1.60147619e-02 -1.44796832e-02 6.54232687e-03)
311             	(8.57920364e-02 3.69972293e+00 -7.18664899e-02)	(6.97052759e-02 3.71417405e+00 -7.84634746e-02)	(1.60867605e-02 -1.44511226e-02 6.59698471e-03)
312             	(8.58664178e-02 3.69984512e+00 -7.17896116e-02)	(6.97077869e-02 3.71426843e+00 -7.84413683e-02)	(1.61586310e-02 -1.44233078e-02 6.65175673e-03)
313             	(8.59402774e-02 3.69996400e+00 -7.17129192e-02)	(6.97102566e-02 3.71436169e+00 -7.84198662e-02)	(1.62300207e-02 -1.43976894e-02 6.70694699e-03)
314             	(8.60140783e-02 3.70008253e+00 -7.16370421e-02)	(6.97128790e-02 3.71445538e+00 -7.83989299e-02)	(1.63011992e-02 -1.43728567e-02 6.76188778e-03)
315             	(8.60878123e-02 3.70019938e+00 -7.15616913e-02)	(6.97157364e-02 3.71454848e+00 -7.83783889e-02)	(1.63720759e-02 -1.43491047e-02 6.81669759e-03)
316             	(8.61612218e-02 3.70031332e+00 -7.14861399e-02)	(6.97186662e-02 3.71464034e+00 -7.83581630e-02)	(1.64425556e-02 -1.43270230e-02 6.87202311e-03)
317             	(8.62349102e-02 3.70042646e+00 -7.14112852e-02)	(6.97219353e-02 3.71473218e+00 -7.83383730e-02)	(1.65129749e-02 -1.43057157e-02 6.92708781e-03)
318             	(8.63083596e-02 3.70053645e+00 -7.13370039e-02)	(6.97252532e-02 3.71482217e+00 -7.83190129e-02)	(1.65831064e-02 -1.42857247e-02 6.98200898e-03)
319             	(8.63819069e-02 3.70064536e+00 -7.12630814e-02)	(6.97288532e-02 3.71491208e+00 -7.83000780e-02)	(1.66530537e-02 -1.42667161e-02 7.03699661e-03)
320             	(8.64552922e-02 3.70075217e+00 -7.11894075e-02)	(6.97325147e-02 3.71500082e+00 -7.82815598e-02)	(1.67227774e-02 -1.42486482e-02 7.09215237e-03)
321             	(8.65286905e-02 3.70085810e+00 -7.11161064e-02)	(6.97364517e-02 3.71508982e+00 -7.82633929e-02)	(1.67922388e-02 -1.42317244e-02 7.14728640e-03)
322             	(8.66015223e-02 3.70096069e+00 -7.10425489e-02)	(6.97402397e-02 3.71517704e+00 -7.82455720e-02)	(1.68612826e-02 -1.42163460e-02 7.20302308e-03)
323             	(8.66745114e-02 3.70106316e+00 -7.09697581e-02)	(6.97442353e-02 3.71526494e+00 -7.82283696e-02)	(1.69302761e-02 -1.42017857e-02 7.25861149e-03)
324             	(8.67472241e-02 3.70116340e+00 -7.08972417e-02)	(6.97482228e-02 3.71535166e+00 -7.82118004e-02)	(1.69990013e-02 -1.41882569e-02 7.31455874e-03)
325             	(8.68199537e-02 3.70126315e+00 -7.08251697e-02)	(6.97525037e-02 3.71543876e+00 -7.81958286e-02)	(1.70674499e-02 -1.41756134e-02 7.37065896e-03)
326             	(8.68922864e-02 3.70135967e+00 -7.07536631e-02)	(6.97567470e-02 3.71552349e+00 -7.81802029e-02)	(1.71355394e-02 -1.41638209e-02 7.42653978e-03)
327             	(8.69648329e-02 3.70145611e+00 -7.06823800e-02)	(6.97613238e-02 3.71560879e+00 -7.81648055e-02)	(1.72035091e-02 -1.41526788e-02 7.48242556e-03)
328             	(8.70371758e-02 3.70155007e+00 -7.06112009e-02)	(6.97659285e-02 3.71569251e+00 -7.81495441e-02)	(1.72712473e-02 -1.41424397e-02 7.53834325e-03)
329             	(8.71093373e-02 3.70164325e+00 -7.05400647e-02)	(6.97706359e-02 3.71577657e+00 -7.81344711e-02)	(1.73387014e-02 -1.41333181e-02 7.59440649e-03)
330             	(8.71807914e-02 3.70173360e+00 -7.04691937e-02)	(6.97750537e-02 3.71585884e+00 -7.81197307e-02)	(1.74057376e-02 -1.41252321e-02 7.65053704e-03)
331             	(8.72520284e-02 3.70182331e+00 -7.03987222e-02)	(6.97795493e-02 3.71594168e+00 -7.81054535e-02)	(1.74724790e-02 -1.41183682e-02 7.70673123e-03)
332             	(8.73229305e-02 3.70191080e+00 -7.03284394e-02)	(6.97840793e-02 3.71602350e+00 -7.80916618e-02)	(1.75388511e-02 -1.41126979e-02 7.76322241e-03)
333             	(8.73938064e-02 3.70199782e+00 -7.02583395e-02)	(6.97888395e-02 3.71610583e+00 -7.80783703e-02)	(1.76049670e-02 -1.41080083e-02 7.82003080e-03)
334             	(8.74643224e-02 3.70208238e+00 -7.01885457e-02)	(6.97934948e-02 3.71618678e+00 -7.80655225e-02)	(1.76708276e-02 -1.41043994e-02 7.87697681e-03)
335             	(8.75345397e-02 3.70216576e+00 -7.01194498e-02)	(6.97981744e-02 3.71626780e+00 -7.80531659e-02)	(1.77363654e-02 -1.41020413e-02 7.93371609e-03)
336             	(8.76044659e-02 3.70224733e+00 -7.00506300e-02)	(6.98029575e-02 3.71634838e+00 -7.80411771e-02)	(1.78015083e-02 -1.41010529e-02 7.99054708e-03)
337             	(8.76745135e-02 3.70232813e+00 -6.99820764e-02)	(6.98082270e-02 3.71642966e+00 -7.80294082e-02)	(1.78662865e-02 -1.41015346e-02 8.04733180e-03)
338             	(8.77446751e-02 3.70240752e+00 -6.99138322e-02)	(6.98139184e-02 3.71651051e+00 -7.80176211e-02)	(1.79307567e-02 -1.41029882e-02 8.10378896e-03)
339             	(8.78147358e-02 3.70248510e+00 -6.98455930e-02)	(6.98199363e-02 3.71659078e+00 -7.80057438e-02)	(1.79947995e-02 -1.41056797e-02 8.16015079e-03)
340             	(8.78847611e-02 3.70256160e+00 -6.97771882e-02)	(6.98261495e-02 3.71667078e+00 -7.79938869e-02)	(1.80586115e-02 -1.41091779e-02 8.21669872e-03)
341             	(8.79547105e-02 3.70263791e+00 -6.97091626e-02)	(6.98325871e-02 3.71675162e+00 -7.79823183e-02)	(1.81221234e-02 -1.41137113e-02 8.27315568e-03)
342             	(8.80244104e-02 3.70271276e+00 -6.96417996e-02)	(6.98389861e-02 3.71683168e+00 -7.79711680e-02)	(1.81854242e-02 -1.41189206e-02 8.32936839e-03)
343             	(8.80939596e-02 3.70278616e+00 -6.95749348e-02)	(6.98453986e-02 3.71691097e+00 -7.79603760e-02)	(1.82485610e-02 -1.41248058e-02 8.38544112e-03)
344             	(8.81631663e-02 3.70285757e+00 -6.95084476e-02)	(6.98517812e-02 3.71698911e+00 -7.79498561e-02)	(1.83113851e-02 -1.41315444e-02 8.44140844e-03)
345             	(8.82321520e-02 3.70292780e+00 -6.94422644e-02)	(6.98583163e-02 3.71706712e+00 -7.79395102e-02)	(1.83738357e-02 -1.41393232e-02 8.49724579e-03)
346             	(8.83009619e-02 3.70299640e+00 -6.93765014e-02)	(6.98650242e-02 3.71714456e+00 -7.79292605e-02)	(1.84359377e-02 -1.41481607e-02 8.55275918e-03)
347             	(8.83697549e-02 3.70306400e+00 -6.93109718e-02)	(6.98718876e-02 3.71722153e+00 -7.79191092e-02)	(1.84978674e-02 -1.41575313e-02 8.60813741e-03)
348             	(8.84383164e-02 3.70313093e+00 -6.92460253e-02)	(6.98788260e-02 3.71729847e+00 -7.79091835e-02)	(1.85594904e-02 -1.41675374e-02 8.66315826e-03)
349             	(8.85065249e-02 3.70319587e+00 -6.91814596e-02)	(6.98857150e-02 3.71737430e+00 -7.78994496e-02)	(1.86208099e-02 -1.41784282e-02 8.71798993e-03)
350             	(8.85746442e-02 3.70326083e+00 -6.91173648e-02)	(6.98928340e-02 3.71745092e+00 -7.78899145e-02)	(1.86818101e-02 -1.41900950e-02 8.77254974e-03)
351             	(8.86423810e-02 3.70332272e+00 -6.90538570e-02)	(6.98999767e-02 3.71752576e+00 -7.78805370e-02)	(1.87424043e-02 -1.42030414e-02 8.82668001e-03)
352             	(8.87101220e-02 3.70338509e+00 -6.89906108e-02)	(6.99074896e-02 3.71760202e+00 -7.78713205e-02)	(1.88026323e-02 -1.42169337e-02 8.88070976e-03)
353             	(8.87773370e-02 3.70344381e+00 -6.89277178e-02)	(6.99151062e-02 3.71767639e+00 -7.78622361e-02)	(1.88622307e-02 -1.42325784e-02 8.93451829e-03)
354             	(8.88446274e-02 3.70350358e+00 -6.88651590e-02)	(6.99232838e-02 3.71775291e+00 -7.78533734e-02)	(1.89213436e-02 -1.42493260e-02 8.98821438e-03)
355             	(8.89114156e-02 3.70355940e+00 -6.88027946e-02)	(6.99316420e-02 3.71782745e+00 -7.78447095e-02)	(1.89797736e-02 -1.42680523e-02 9.04191493e-03)
356             	(8.89783068e-02 3.70361657e+00 -6.87413571e-02)	(6.99404567e-02 3.71790426e+00 -7.78363408e-02)	(1.90378501e-02 -1.42876976e-02 9.09498370e-03)
357             	(8.90446147e-02 3.70367009e+00 -6.86806774e-02)	(6.99492105e-02 3.71797906e+00 -7.78281157e-02)	(1.90954043e-02 -1.43089763e-02 9.14743832e-03)
358             	(8.91107565e-02 3.70372483e+00 -6.86203459e-02)	(6.99582882e-02 3.71805636e+00 -7.78200020e-02)	(1.91524683e-02 -1.43315367e-02 9.19965609e-03)
359             	(8.91764341e-02 3.70377631e+00 -6.85603806e-02)	(6.99672866e-02 3.71813162e+00 -7.78119736e-02)	(1.92091476e-02 -1.43553098e-02 9.25159301e-03)
360             	(8.92419544e-02 3.70382829e+00 -6.85011838e-02)	(6.99766144e-02 3.71820877e+00 -7.78041662e-02)	(1.92653400e-02 -1.43804797e-02 9.30298242e-03)
361             	(8.93070287e-02 3.70387632e+00 -6.84428603e-02)	(6.99860286e-02 3.71828376e+00 -7.77964899e-02)	(1.93210001e-02 -1.44074482e-02 9.35362967e-03)
362             	(8.93722998e-02 3.70392543e+00 -6.83850892e-02)	(6.99959855e-02 3.71836073e+00 -7.77889195e-02)	(1.93763143e-02 -1.44353018e-02 9.40383035e-03)
363             	(8.94372365e-02 3.70397158e+00 -6.83276174e-02)	(7.00061093e-02 3.71843609e+00 -7.77813074e-02)	(1.94311272e-02 -1.44645103e-02 9.45369001e-03)
364             	(8.95021355e-02 3.70401859e+00 -6.82706040e-02)	(7.00166455e-02 3.71851318e+00 -7.77736913e-02)	(1.94854900e-02 -1.44945905e-02 9.50308724e-03)
365             	(8.95666962e-02 3.70406296e+00 -6.82139112e-02)	(7.00271957e-02 3.71858860e+00 -7.77661179e-02)	(1.95395005e-02 -1.45256409e-02 9.55220674e-03)
366             	(8.96309619e-02 3.70410761e+00 -6.81577460e-02)	(7.00377949e-02 3.71866497e+00 -7.77587824e-02)	(1.95931670e-02 -1.45573643e-02 9.60103646e-03)
367             	(8.96947324e-02 3.70415023e+00 -6.81023228e-02)	(7.00482305e-02 3.71873989e+00 -7.77517385e-02)	(1.96465019e-02 -1.45896629e-02 9.64941567e-03)
368             	(8.97582320e-02 3.70419206e+00 -6.80478108e-02)	(7.00585971e-02 3.71881449e+00 -7.77449214e-02)	(1.96996349e-02 -1.46224276e-02 9.69711061e-03)
369             	(8.98214091e-02 3.70423214e+00 -6.79937877e-02)	(7.00690455e-02 3.71888810e+00 -7.77381464e-02)	(1.97523636e-02 -1.46559547e-02 9.74435876e-03)
370             	(8.98845074e-02 3.70427158e+00 -6.79399768e-02)	(7.00797279e-02 3.71896190e+00 -7.77313833e-02)	(1.98047795e-02 -1.46903171e-02 9.79140652e-03)
371             	(8.99474614e-02 3.70430983e+00 -6.78866421e-02)	(7.00906549e-02 3.71903544e+00 -7.77247411e-02)	(1.98568065e-02 -1.47256175e-02 9.83809903e-03)
372             	(9.00100657e-02 3.70434668e+00 -6.78341740e-02)	(7.01017099e-02 3.71910871e+00 -7.77183007e-02)	(1.99083558e-02 -1.47620334e-02 9.88412662e-03)
373             	(9.00725276e-02 3.70438258e+00 -6.77823573e-02)	(7.01128942e-02 3.71918158e+00 -7.77120044e-02)	(1.99596334e-02 -1.47989980e-02 9.92964703e-03)
374             	(9.01347340e-02 3.70441838e+00 -6.77312321e-02)	(7.01240589e-02 3.71925460e+00 -7.77058631e-02)	(2.00106751e-02 -1.48362138e-02 9.97463091e-03)
375             	(9.01965232e-02 3.70445303e+00 -6.76808868e-02)	(7.01351838e-02 3.71932721e+00 -7.76998577e-02)	(2.00613394e-02 -1.48741803e-02 1.00189709e-02)
376             	(9.02580583e-02 3.70448663e+00 -6.76310142e-02)	(7.01462953e-02 3.71939940e+00 -7.76939326e-02)	(2.01117630e-02 -1.49127703e-02 1.00629184e-02)
377             	(9.03194750e-02 3.70451912e+00 -6.75816570e-02)	(7.01575746e-02 3.71947092e+00 -7.76880506e-02)	(2.01619004e-02 -1.49518059e-02 1.01063936e-02)
378             	(9.03809642e-02 3.70455082e+00 -6.75326666e-02)	(7.01691033e-02 3.71954206e+00 -7.76821484e-02)	(2.02118609e-02 -1.49912439e-02 1.01494819e-02)
379             	(9.04424911e-02 3.70458142e+00 -6.74841817e-02)	(7.01808031e-02 3.71961228e+00 -7.76762995e-02)	(2.02616881e-02 -1.50308609e-02 1.01921177e-02)
380             	(9.05037503e-02 3.70461092e+00 -6.74361875e-02)	(7.01924044e-02 3.71968163e+00 -7.76706252e-02)	(2.03113459e-02 -1.50707095e-02 1.02344377e-02)
381             	(9.05645708e-02 3.70463904e+00 -6.73888208e-02)	(7.02037912e-02 3.71975001e+00 -7.76652370e-02)	(2.03607796e-02 -1.51109682e-02 1.02764161e-02)
382             	(9.06250510e-02 3.70466632e+00 -6.73423108e-02)	(7.02149482e-02 3.71981782e+00 -7.76601650e-02)	(2.04101029e-02 -1.51514933e-02 1.03178542e-02)
383             	(9.06852604e-02 3.70469271e+00 -6.72965115e-02)	(7.02259907e-02 3.71988489e+00 -7.76552943e-02)	(2.04592697e-02 -1.51921881e-02 1.03587827e-02)
384             	(9.07453745e-02 3.70471870e+00 -6.72511149e-02)	(7.02370278e-02 3.71995157e+00 -7.76505422e-02)	(2.05083467e-02 -1.52328715e-02 1.03994273e-02)
385             	(9.08055911e-02 3.70474425e+00 -6.72060087e-02)	(7.02481576e-02 3.72001779e+00 -7.76459156e-02)	(2.05574336e-02 -1.52735445e-02 1.04399069e-02)
386             	(9.08656437e-02 3.70476899e+00 -6.71613753e-02)	(7.02592484e-02 3.72008348e+00 -7.76414949e-02)	(2.06063953e-02 -1.53144886e-02 1.04801195e-02)
387             	(9.09253807e-02 3.70479240e+00 -6.71174455e-02)	(7.02702020e-02 3.72014795e+00 -7.76373129e-02)	(2.06551787e-02 -1.53555526e-02 1.05198674e-02)
388             	(9.09847962e-02 3.70481469e+00 -6.70742586e-02)	(7.02809483e-02 3.72021145e+00 -7.76333577e-02)	(2.07038479e-02 -1.53967521e-02 1.05590991e-02)
389             	(9.10439936e-02 3.70483643e+00 -6.70316634e-02)	(7.02915500e-02 3.72027441e+00 -7.76295517e-02)	(2.07524436e-02 -1.54379838e-02 1.05978883e-02)
390             	(9.11028514e-02 3.70485739e+00 -6.69896085e-02)	(7.03019450e-02 3.72033688e+00 -7.76258604e-02)	(2.08009064e-02 -1.54794849e-02 1.06362519e-02)
391             	(9.11613202e-02 3.70487702e+00 -6.69480890e-02)	(7.03121009e-02 3.72039820e+00 -7.76222763e-02)	(2.08492193e-02 -1.55211812e-02 1.06741873e-02)
392             	(9.12195414e-02 3.70489602e+00 -6.69071270e-02)	(7.03221418e-02 3.72045893e+00 -7.76188555e-02)	(2.08973997e-02 -1.55629115e-02 1.07117285e-02)
393             	(9.12775552e-02 3.70491429e+00 -6.68668204e-02)	(7.03321427e-02 3.72051883e+00 -7.76156539e-02)	(2.09454125e-02 -1.56045311e-02 1.07488335e-02)
394             	(9.13354856e-02 3.70493173e+00 -6.68271436e-02)	(7.03421299e-02 3.72057794e+00 -7.76127170e-02)	(2.09933557e-02 -1.56462098e-02 1.07855734e-02)
395             	(9.13932641e-02 3.70494817e+00 -6.67880899e-02)	(7.03520646e-02 3.72063604e+00 -7.76099981e-02)	(2.10411996e-02 -1.56878741e-02 1.08219082e-02)
396             	(9.14508772e-02 3.70496407e+00 -6.67494392e-02)	(7.03618912e-02 3.72069351e+00 -7.76074617e-02)	(2.10889861e-02 -1.57294453e-02 1.08580225e-02)
397             	(9.15081767e-02 3.70497886e+00 -6.67113682e-02)	(7.03715423e-02 3.72075005e+00 -7.76050691e-02)	(2.11366344e-02 -1.57711875e-02 1.08937009e-02)
398             	(9.15651228e-02 3.70499319e+00 -6.66738717e-02)	(7.03810102e-02 3.72080608e+00 -7.76028413e-02)	(2.11841126e-02 -1.58128944e-02 1.09289695e-02)
399             	(9.16217402e-02 3.70500653e+00 -6.66367092e-02)	(7.03902914e-02 3.72086111e+00 -7.76007280e-02)	(2.12314488e-02 -1.58545798e-02 1.09640188e-02)
400             	(9.16782666e-02 3.70501950e+00 -6.65998120e-02)	(7.03995296e-02 3.72091563e+00 -7.75987683e-02)	(2.12787370e-02 -1.58961281e-02 1.09989563e-02)
401             	(9.17346618e-02 3.70503117e+00 -6.65633660e-02)	(7.04087029e-02 3.72096900e+00 -7.75970284e-02)	(2.13259589e-02 -1.59378347e-02 1.10336623e-02)
402             	(9.17907885e-02 3.70504188e+00 -6.65276980e-02)	(7.04177922e-02 3.72102176e+00 -7.75955579e-02)	(2.13729964e-02 -1.59798733e-02 1.10678599e-02)
403             	(9.18466054e-02 3.70505139e+00 -6.64929008e-02)	(7.04267398e-02 3.72107360e+00 -7.75943182e-02)	(2.14198656e-02 -1.60222090e-02 1.11014175e-02)
404             	(9.19022696e-02 3.70506056e+00 -6.64585137e-02)	(7.04356190e-02 3.72112504e+00 -7.75931609e-02)	(2.14666507e-02 -1.60644804e-02 1.11346472e-02)
405             	(9.19577646e-02 3.70506903e+00 -6.64244548e-02)	(7.04444130e-02 3.72117577e+00 -7.75920480e-02)	(2.15133516e-02 -1.61067394e-02 1.11675932e-02)
406             	(9.20131002e-02 3.70507705e+00 -6.63907097e-02)	(7.04530887e-02 3.72122585e+00 -7.75910488e-02)	(2.15600115e-02 -1.61488029e-02 1.12003391e-02)
407             	(9.20682111e-02 3.70508418e+00 -6.63573274e-02)	(7.04615575e-02 3.72127494e+00 -7.75902562e-02)	(2.16066537e-02 -1.61907641e-02 1.12329288e-02)
408             	(9.21230729e-02 3.70509063e+00 -6.63244493e-02)	(7.04697855e-02 3.72132315e+00 -7.75897583e-02)	(2.16532874e-02 -1.62325182e-02 1.12653089e-02)
409             	(9.21777127e-02 3.70509640e+00 -6.62922188e-02)	(7.04778257e-02 3.72137055e+00 -7.75895207e-02)	(2.16998870e-02 -1.62741453e-02 1.12973019e-02)
410             	(9.22320990e-02 3.70510153e+00 -6.62603424e-02)	(7.04856724e-02 3.72141725e+00 -7.75894272e-02)	(2.17464266e-02 -1.63157248e-02 1.13290848e-02)
411             	(9.22862133e-02 3.70510590e+00 -6.62288953e-02)	(7.04933059e-02 3.72146322e+00 -7.75894572e-02)	(2.17929073e-02 -1.63573187e-02 1.13605619e-02)
412             	(9.23400669e-02 3.70510965e+00 -6.61979222e-02)	(7.05007120e-02 3.72150847e+00 -7.75896795e-02)	(2.18393549e-02 -1.63988173e-02 1.13917574e-02)
413             	(9.23937562e-02 3.70511296e+00 -6.61673624e-02)	(7.05079269e-02 3.72155304e+00 -7.75901335e-02)	(2.18858293e-02 -1.64400737e-02 1.14227711e-02)
414             	(9.24472266e-02 3.70511568e+00 -6.61371764e-02)	(7.05149627e-02 3.72159672e+00 -7.75908390e-02)	(2.19322639e-02 -1.64810407e-02 1.14536626e-02)
415             	(9.25003425e-02 3.70511795e+00 -6.61075411e-02)	(7.05218239e-02 3.72163953e+00 -7.75918080e-02)	(2.19785186e-02 -1.65215788e-02 1.14842669e-02)
416             	(9.25533588e-02 3.70511920e+00 -6.60783756e-02)	(7.05285989e-02 3.72168131e+00 -7.75929707e-02)	(2.20247599e-02 -1.65621118e-02 1.15145951e-02)
417             	(9.26063536e-02 3.70512013e+00 -6.60495504e-02)	(7.05353140e-02 3.72172261e+00 -7.75942800e-02)	(2.20710397e-02 -1.66024753e-02 1.15447296e-02)
418             	(9.26590507e-02 3.70512041e+00 -6.60210313e-02)	(7.05418144e-02 3.72176308e+00 -7.75957626e-02)	(2.21172364e-02 -1.66426642e-02 1.15747313e-02)
419             	(9.27114912e-02 3.70512050e+00 -6.59929107e-02)	(7.05480846e-02 3.72180304e+00 -7.75974465e-02)	(2.21634066e-02 -1.66825430e-02 1.16045357e-02)
420             	(9.27636561e-02 3.70511963e+00 -6.59652059e-02)	(7.05540940e-02 3.72184190e+00 -7.75993346e-02)	(2.22095621e-02 -1.67222738e-02 1.16341287e-02)
421             	(9.28157097e-02 3.70511856e+00 -6.59378198e-02)	(7.05599380e-02 3.72188029e+00 -7.76014262e-02)	(2.22557717e-02 -1.67617225e-02 1.16636063e-02)
422             	(9.28674977e-02 3.70511661e+00 -6.59107351e-02)	(7.05655501e-02 3.72191752e+00 -7.76037172e-02)	(2.23019476e-02 -1.68009018e-02 1.16929821e-02)
423             	(9.29192114e-02 3.70511461e+00 -6.58839732e-02)	(7.05710543e-02 3.72195433e+00 -7.76062046e-02)	(2.23481571e-02 -1.68397225e-02 1.17222314e-02)
424             	(9.29707809e-02 3.70511155e+00 -6.58574796e-02)	(7.05764304e-02 3.72198995e+00 -7.76088335e-02)	(2.23943505e-02 -1.68783941e-02 1.17513539e-02)
425             	(9.30223592e-02 3.70510846e+00 -6.58312271e-02)	(7.05817602e-02 3.72202522e+00 -7.76115882e-02)	(2.24405990e-02 -1.69167617e-02 1.17803611e-02)
426             	(9.30737847e-02 3.70510433e+00 -6.58052048e-02)	(7.05869537e-02 3.72205934e+00 -7.76144477e-02)	(2.24868310e-02 -1.69550122e-02 1.18092429e-02)
427             	(9.31250818e-02 3.70510031e+00 -6.57795258e-02)	(7.05919913e-02 3.72209323e+00 -7.76174903e-02)	(2.25330905e-02 -1.69929180e-02 1.18379645e-02)
428             	(9.31760502e-02 3.70509539e+00 -6.57542230e-02)	(7.05967558e-02 3.72212600e+00 -7.76207457e-02)	(2.25792944e-02 -1.70306136e-02 1.18665227e-02)
429             	(9.32268847e-02 3.70509041e+00 -6.57293051e-02)	(7.06013394e-02 3.72215844e+00 -7.76242169e-02)	(2.26255453e-02 -1.70680338e-02 1.18949118e-02)
430             	(9.32774780e-02 3.70508443e+00 -6.57046749e-02)	(7.06057038e-02 3.72218975e+00 -7.76278521e-02)	(2.26717742e-02 -1.71053279e-02 1.19231773e-02)
431             	(9.33279876e-02 3.70507842e+00 -6.56802896e-02)	(7.06099477e-02 3.72222079e+00 -7.76316073e-02)	(2.27180399e-02 -1.71423686e-02 1.19513177e-02)
432             	(9.33782542e-02 3.70507139e+00 -6.56561636e-02)	(7.06140232e-02 3.72225069e+00 -7.76354356e-02)	(2.27642310e-02 -1.71793011e-02 1.19792720e-02)
433             	(9.34284526e-02 3.70506435e+00 -6.56322613e-02)	(7.06180172e-02 3.72228026e+00 -7.76393591e-02)	(2.28104354e-02 -1.72159004e-02 1.20070978e-02)
