# Moment        
# CofR          : (0.00000000e+00 0.00000000e+00 0.00000000e+00)
#
# Time          	(total_x total_y total_z)	(pressure_x pressure_y pressure_z)	(viscous_x viscous_y viscous_z)
1               	(-1.97275059e+00 9.50415009e-02 4.30354893e-01)	(-1.97149068e+00 9.47069225e-02 4.29377163e-01)	(-1.25991425e-03 3.34578398e-04 9.77730526e-04)
2               	(-2.79055591e+00 1.09970503e-01 5.60271152e-01)	(-2.78842175e+00 1.09467060e-01 5.59065082e-01)	(-2.13415788e-03 5.03442258e-04 1.20607002e-03)
3               	(-3.01980362e+00 1.06427491e-01 5.83949510e-01)	(-3.01757987e+00 1.05688639e-01 5.82568446e-01)	(-2.22375015e-03 7.38852591e-04 1.38106415e-03)
4               	(-2.67361866e+00 7.97449528e-02 4.91422415e-01)	(-2.67172637e+00 7.88851021e-02 4.89944990e-01)	(-1.89228503e-03 8.59850762e-04 1.47742440e-03)
5               	(-2.18293428e+00 5.30562272e-02 3.80272789e-01)	(-2.18141511e+00 5.20973095e-02 3.78755862e-01)	(-1.51917425e-03 9.58917676e-04 1.51692640e-03)
6               	(-1.94382031e+00 5.03937634e-02 3.45895653e-01)	(-1.94251458e+00 4.93250825e-02 3.44369518e-01)	(-1.30572651e-03 1.06868093e-03 1.52613517e-03)
7               	(-2.04645477e+00 7.31686407e-02 4.02193897e-01)	(-2.04520009e+00 7.19832052e-02 4.00655157e-01)	(-1.25467861e-03 1.18543554e-03 1.53874006e-03)
8               	(-2.30915910e+00 1.01089477e-01 4.86434336e-01)	(-2.30785697e+00 9.98158813e-02 4.84852161e-01)	(-1.30212819e-03 1.27359596e-03 1.58217459e-03)
9               	(-2.49299208e+00 1.12659011e-01 5.25379177e-01)	(-2.49160074e+00 1.11338699e-01 5.23713729e-01)	(-1.39134465e-03 1.32031173e-03 1.66544823e-03)
10              	(-2.49078665e+00 1.02180103e-01 4.96488216e-01)	(-2.48930592e+00 1.00843123e-01 4.94715475e-01)	(-1.48072865e-03 1.33698020e-03 1.77274108e-03)
11              	(-2.36256222e+00 8.17008295e-02 4.36151745e-01)	(-2.36101438e+00 8.03468534e-02 4.34274819e-01)	(-1.54784376e-03 1.35397618e-03 1.87692601e-03)
12              	(-2.23955091e+00 6.82394681e-02 3.97938966e-01)	(-2.23796362e+00 6.68456434e-02 3.95980549e-01)	(-1.58729832e-03 1.39382465e-03 1.95841787e-03)
13              	(-2.20819553e+00 6.97935337e-02 4.06755989e-01)	(-2.20659507e+00 6.83392500e-02 4.04747718e-01)	(-1.60046221e-03 1.45428377e-03 2.00827177e-03)
14              	(-2.26222302e+00 8.17552934e-02 4.45780985e-01)	(-2.26063308e+00 8.02395396e-02 4.43753496e-01)	(-1.58993630e-03 1.51575384e-03 2.02748918e-03)
15              	(-2.33681308e+00 9.31176919e-02 4.78825687e-01)	(-2.33525228e+00 9.15602344e-02 4.76801656e-01)	(-1.56079873e-03 1.55745747e-03 2.02403123e-03)
16              	(-2.37307222e+00 9.60978076e-02 4.82362578e-01)	(-2.37155102e+00 9.45242517e-02 4.80353292e-01)	(-1.52119394e-03 1.57355582e-03 2.00928635e-03)
17              	(-2.35780104e+00 9.08791187e-02 4.60452715e-01)	(-2.35632202e+00 8.93047841e-02 4.58458126e-01)	(-1.47901847e-03 1.57433461e-03 1.99458842e-03)
18              	(-2.31841820e+00 8.32725051e-02 4.35150497e-01)	(-2.31697711e+00 8.16962379e-02 4.33163396e-01)	(-1.44108942e-03 1.57626723e-03 1.98710141e-03)
19              	(-2.29090149e+00 7.91120620e-02 4.25835416e-01)	(-2.28948957e+00 7.75231203e-02 4.23846826e-01)	(-1.41192588e-03 1.58894172e-03 1.98858974e-03)
20              	(-2.29155372e+00 8.01443359e-02 4.35444537e-01)	(-2.29016037e+00 7.85343348e-02 4.33448080e-01)	(-1.39334555e-03 1.61000113e-03 1.99645776e-03)
21              	(-2.31147661e+00 8.40538161e-02 4.52251141e-01)	(-2.31009100e+00 8.24229725e-02 4.50244048e-01)	(-1.38561270e-03 1.63084362e-03 2.00709271e-03)
22              	(-2.33096544e+00 8.72937991e-02 4.62259208e-01)	(-2.32957873e+00 8.56497276e-02 4.60240667e-01)	(-1.38671011e-03 1.64407148e-03 2.01854037e-03)
23              	(-2.33693911e+00 8.79034657e-02 4.60004916e-01)	(-2.33554575e+00 8.62550214e-02 4.57973857e-01)	(-1.39336260e-03 1.64844423e-03 2.03105943e-03)
24              	(-2.33017217e+00 8.63348982e-02 4.50338681e-01)	(-2.32877046e+00 8.46867269e-02 4.48293176e-01)	(-1.40170927e-03 1.64817131e-03 2.04550475e-03)
25              	(-2.32021934e+00 8.43710175e-02 4.42138648e-01)	(-2.31881126e+00 8.27216436e-02 4.40076791e-01)	(-1.40807807e-03 1.64937389e-03 2.06185760e-03)
26              	(-2.31591127e+00 8.34783579e-02 4.40881148e-01)	(-2.31450072e+00 8.18227717e-02 4.38802236e-01)	(-1.41054513e-03 1.65558619e-03 2.07891195e-03)
27              	(-2.31927392e+00 8.39148417e-02 4.45606005e-01)	(-2.31786492e+00 8.22474943e-02 4.43511278e-01)	(-1.40899933e-03 1.66734743e-03 2.09472728e-03)
28              	(-2.32624116e+00 8.49540505e-02 4.51374284e-01)	(-2.32483671e+00 8.32715417e-02 4.49266340e-01)	(-1.40444546e-03 1.68250877e-03 2.10794428e-03)
29              	(-2.33145221e+00 8.57270458e-02 4.53887187e-01)	(-2.33005468e+00 8.40270308e-02 4.51768499e-01)	(-1.39753258e-03 1.70001508e-03 2.11868782e-03)
30              	(-2.33248842e+00 8.58695115e-02 4.52384964e-01)	(-2.33110037e+00 8.41495783e-02 4.50256608e-01)	(-1.38804620e-03 1.71993316e-03 2.12835601e-03)
31              	(-2.33065571e+00 8.55877140e-02 4.49188651e-01)	(-2.32928035e+00 8.38443556e-02 4.47049767e-01)	(-1.37536035e-03 1.74335837e-03 2.13888416e-03)
32              	(-2.32885346e+00 8.53054981e-02 4.47158839e-01)	(-2.32749524e+00 8.35331027e-02 4.45006900e-01)	(-1.35821382e-03 1.77239545e-03 2.15193972e-03)
33              	(-2.32900600e+00 8.52993168e-02 4.47503826e-01)	(-2.32767040e+00 8.34887673e-02 4.45335298e-01)	(-1.33559809e-03 1.81054949e-03 2.16852810e-03)
34              	(-2.33099582e+00 8.55615207e-02 4.49407031e-01)	(-2.32968963e+00 8.37006968e-02 4.47217955e-01)	(-1.30619727e-03 1.86082389e-03 2.18907584e-03)
35              	(-2.33339736e+00 8.59147495e-02 4.51198046e-01)	(-2.33212858e+00 8.39903069e-02 4.48984392e-01)	(-1.26877910e-03 1.92444262e-03 2.21365388e-03)
36              	(-2.33491516e+00 8.62044759e-02 4.51795578e-01)	(-2.33369200e+00 8.42048369e-02 4.49553735e-01)	(-1.22316523e-03 1.99963899e-03 2.24184291e-03)
37              	(-2.33526778e+00 8.64043122e-02 4.51306104e-01)	(-2.33409808e+00 8.43196335e-02 4.49032919e-01)	(-1.16969876e-03 2.08467867e-03 2.27318441e-03)
38              	(-2.33505987e+00 8.65871592e-02 4.50599530e-01)	(-2.33395413e+00 8.44047613e-02 4.48291484e-01)	(-1.10573862e-03 2.18239796e-03 2.30804523e-03)
39              	(-2.33509232e+00 8.68275844e-02 4.50474125e-01)	(-2.33406073e+00 8.45375241e-02 4.48127917e-01)	(-1.03158402e-03 2.29006030e-03 2.34620878e-03)
40              	(-2.33570881e+00 8.71464653e-02 4.51097345e-01)	(-2.33476376e+00 8.47360126e-02 4.48709116e-01)	(-9.45052068e-04 2.41045266e-03 2.38822975e-03)
41              	(-2.33669136e+00 8.75024466e-02 4.52064692e-01)	(-2.33584423e+00 8.49635171e-02 4.49630790e-01)	(-8.47126760e-04 2.53892949e-03 2.43390233e-03)
42              	(-2.33757444e+00 8.78483286e-02 4.52843839e-01)	(-2.33683712e+00 8.51734422e-02 4.50360276e-01)	(-7.37318055e-04 2.67488640e-03 2.48356257e-03)
43              	(-2.33805283e+00 8.81673513e-02 4.53183876e-01)	(-2.33743659e+00 8.53488894e-02 4.50646599e-01)	(-6.16241357e-04 2.81846188e-03 2.53727723e-03)
44              	(-2.33814811e+00 8.84738227e-02 4.53209038e-01)	(-2.33766324e+00 8.55069055e-02 4.50614326e-01)	(-4.84869501e-04 2.96691721e-03 2.59471172e-03)
45              	(-2.33810259e+00 8.87995550e-02 4.53236112e-01)	(-2.33776210e+00 8.56769922e-02 4.50579283e-01)	(-3.40490420e-04 3.12256277e-03 2.65682960e-03)
46              	(-2.33815863e+00 8.91573155e-02 4.53503832e-01)	(-2.33797383e+00 8.58763741e-02 4.50780781e-01)	(-1.84796313e-04 3.28094140e-03 2.72305020e-03)
47              	(-2.33839232e+00 8.95390901e-02 4.54033100e-01)	(-2.33837244e+00 8.61014964e-02 4.51240399e-01)	(-1.98849504e-05 3.43759371e-03 2.79270088e-03)
48              	(-2.33870311e+00 8.99213170e-02 4.54667984e-01)	(-2.33885653e+00 8.63344910e-02 4.51802478e-01)	(1.53416140e-04 3.58682609e-03 2.86550661e-03)
49              	(-2.33894279e+00 9.02870689e-02 4.55233540e-01)	(-2.33927589e+00 8.65582030e-02 4.52292636e-01)	(3.33099461e-04 3.72886596e-03 2.94090405e-03)
50              	(-2.33902596e+00 9.06336857e-02 4.55658134e-01)	(-2.33954717e+00 8.67694795e-02 4.52638568e-01)	(5.21214716e-04 3.86420616e-03 3.01956590e-03)
51              	(-2.33897743e+00 9.09698759e-02 4.55990673e-01)	(-2.33969470e+00 8.69766933e-02 4.52889256e-01)	(7.17277421e-04 3.99318261e-03 3.10141700e-03)
52              	(-2.33887687e+00 9.13054058e-02 4.56326465e-01)	(-2.33979868e+00 8.71869077e-02 4.53139887e-01)	(9.21809482e-04 4.11849811e-03 3.18657757e-03)
53              	(-2.33879556e+00 9.16313257e-02 4.56727100e-01)	(-2.33992527e+00 8.74033396e-02 4.53453689e-01)	(1.12970963e-03 4.22798605e-03 3.27341023e-03)
54              	(-2.33873834e+00 9.19445146e-02 4.57188063e-01)	(-2.34007859e+00 8.76252654e-02 4.53826462e-01)	(1.34025307e-03 4.31924911e-03 3.36160068e-03)
55              	(-2.33867072e+00 9.22380711e-02 4.57663399e-01)	(-2.34022131e+00 8.78484016e-02 4.54213150e-01)	(1.55058976e-03 4.38966941e-03 3.45024885e-03)
56              	(-2.33855338e+00 9.25106012e-02 4.58108617e-01)	(-2.34031366e+00 8.80683876e-02 4.54569431e-01)	(1.76028606e-03 4.44221360e-03 3.53918609e-03)
57              	(-2.33838031e+00 9.27591933e-02 4.58510936e-01)	(-2.34034710e+00 8.82832264e-02 4.54883373e-01)	(1.96678358e-03 4.47596693e-03 3.62756225e-03)
58              	(-2.33816444e+00 9.29887906e-02 4.58888671e-01)	(-2.34033712e+00 8.84930969e-02 4.55172324e-01)	(2.17267949e-03 4.49569378e-03 3.71634709e-03)
59              	(-2.33792966e+00 9.32015540e-02 4.59267996e-01)	(-2.34030902e+00 8.86954106e-02 4.55461947e-01)	(2.37935542e-03 4.50614340e-03 3.80604939e-03)
60              	(-2.33769034e+00 9.33980194e-02 4.59660015e-01)	(-2.34027789e+00 8.88869115e-02 4.55763092e-01)	(2.58754884e-03 4.51110790e-03 3.89692303e-03)
61              	(-2.33744440e+00 9.35793098e-02 4.60059168e-01)	(-2.34024298e+00 8.90652865e-02 4.56069790e-01)	(2.79857723e-03 4.51402326e-03 3.98937770e-03)
62              	(-2.33717872e+00 9.37437540e-02 4.60449296e-01)	(-2.34019172e+00 8.92295936e-02 4.56365938e-01)	(3.01299771e-03 4.51416041e-03 4.08335853e-03)
63              	(-2.33688777e+00 9.38907507e-02 4.60818394e-01)	(-2.34011642e+00 8.93786895e-02 4.56640074e-01)	(3.22865022e-03 4.51206122e-03 4.17831968e-03)
64              	(-2.33657147e+00 9.40233516e-02 4.61165805e-01)	(-2.34001874e+00 8.95123897e-02 4.56891095e-01)	(3.44726930e-03 4.51096191e-03 4.27471066e-03)
65              	(-2.33624137e+00 9.41433093e-02 4.61501127e-01)	(-2.33991040e+00 8.96321170e-02 4.57128422e-01)	(3.66902761e-03 4.51119231e-03 4.37270453e-03)
66              	(-2.33590843e+00 9.42513246e-02 4.61834193e-01)	(-2.33980060e+00 8.97397958e-02 4.57362594e-01)	(3.89216981e-03 4.51152879e-03 4.47159856e-03)
67              	(-2.33557460e+00 9.43512325e-02 4.62170992e-01)	(-2.33969195e+00 8.98383101e-02 4.57599344e-01)	(4.11734380e-03 4.51292241e-03 4.57164875e-03)
68              	(-2.33523496e+00 9.44450094e-02 4.62509197e-01)	(-2.33958071e+00 8.99294087e-02 4.57836239e-01)	(4.34575222e-03 4.51560063e-03 4.67295803e-03)
69              	(-2.33488658e+00 9.45321775e-02 4.62843664e-01)	(-2.33946400e+00 9.00129931e-02 4.58067835e-01)	(4.57742019e-03 4.51918438e-03 4.77582844e-03)
70              	(-2.33452632e+00 9.46132736e-02 4.63170023e-01)	(-2.33933845e+00 9.00889470e-02 4.58289869e-01)	(4.81212993e-03 4.52432657e-03 4.88015396e-03)
71              	(-2.33415409e+00 9.46879481e-02 4.63487964e-01)	(-2.33920501e+00 9.01570640e-02 4.58501799e-01)	(5.05091379e-03 4.53088410e-03 4.98616554e-03)
72              	(-2.33377359e+00 9.47556831e-02 4.63800073e-01)	(-2.33906697e+00 9.02166899e-02 4.58706392e-01)	(5.29338389e-03 4.53899320e-03 5.09368081e-03)
73              	(-2.33339016e+00 9.48178698e-02 4.64111222e-01)	(-2.33892847e+00 9.02694306e-02 4.58908680e-01)	(5.53830741e-03 4.54843915e-03 5.20254265e-03)
74              	(-2.33300577e+00 9.48778020e-02 4.64424777e-01)	(-2.33879052e+00 9.03184579e-02 4.59112197e-01)	(5.78474719e-03 4.55934408e-03 5.31257973e-03)
75              	(-2.33262142e+00 9.49371412e-02 4.64742192e-01)	(-2.33865439e+00 9.03660900e-02 4.59318622e-01)	(6.03297087e-03 4.57105116e-03 5.42356996e-03)
76              	(-2.33223780e+00 9.49954483e-02 4.65062297e-01)	(-2.33852007e+00 9.04122550e-02 4.59526654e-01)	(6.28226903e-03 4.58319322e-03 5.53564258e-03)
77              	(-2.33185738e+00 9.50520153e-02 4.65383862e-01)	(-2.33838919e+00 9.04563298e-02 4.59735542e-01)	(6.53180858e-03 4.59568551e-03 5.64831941e-03)
78              	(-2.33147917e+00 9.51056489e-02 4.65708048e-01)	(-2.33826046e+00 9.04979355e-02 4.59945908e-01)	(6.78129578e-03 4.60771346e-03 5.76214008e-03)
79              	(-2.33110319e+00 9.51557709e-02 4.66035828e-01)	(-2.33813402e+00 9.05369824e-02 4.60158765e-01)	(7.03082088e-03 4.61878844e-03 5.87706314e-03)
80              	(-2.33072996e+00 9.52022057e-02 4.66367753e-01)	(-2.33800973e+00 9.05734803e-02 4.60374690e-01)	(7.27976813e-03 4.62872546e-03 5.99306240e-03)
81              	(-2.33036004e+00 9.52452774e-02 4.66704165e-01)	(-2.33788785e+00 9.06081796e-02 4.60594025e-01)	(7.52780605e-03 4.63709782e-03 6.11014069e-03)
82              	(-2.32999349e+00 9.52855353e-02 4.67045392e-01)	(-2.33776806e+00 9.06418606e-02 4.60816836e-01)	(7.77456965e-03 4.64367471e-03 6.22855589e-03)
83              	(-2.32963203e+00 9.53239189e-02 4.67391397e-01)	(-2.33765184e+00 9.06747481e-02 4.61043041e-01)	(8.01981023e-03 4.64917072e-03 6.34835672e-03)
84              	(-2.32927633e+00 9.53602531e-02 4.67742544e-01)	(-2.33753970e+00 9.07066799e-02 4.61273253e-01)	(8.26337429e-03 4.65357318e-03 6.46929100e-03)
85              	(-2.32892713e+00 9.53945212e-02 4.68099728e-01)	(-2.33743223e+00 9.07378534e-02 4.61508523e-01)	(8.50510250e-03 4.65666778e-03 6.59120520e-03)
86              	(-2.32858587e+00 9.54264200e-02 4.68463170e-01)	(-2.33732997e+00 9.07677284e-02 4.61749155e-01)	(8.74409760e-03 4.65869164e-03 6.71401490e-03)
87              	(-2.32825283e+00 9.54552936e-02 4.68832511e-01)	(-2.33723329e+00 9.07958017e-02 4.61995051e-01)	(8.98046268e-03 4.65949187e-03 6.83746038e-03)
88              	(-2.32792788e+00 9.54810224e-02 4.69207898e-01)	(-2.33714138e+00 9.08218802e-02 4.62246118e-01)	(9.21350148e-03 4.65914223e-03 6.96177977e-03)
89              	(-2.32760996e+00 9.55043019e-02 4.69589080e-01)	(-2.33705331e+00 9.08464194e-02 4.62502165e-01)	(9.44334628e-03 4.65788247e-03 7.08691521e-03)
90              	(-2.32729900e+00 9.55251372e-02 4.69975974e-01)	(-2.33696869e+00 9.08694698e-02 4.62763168e-01)	(9.66968331e-03 4.65566734e-03 7.21280653e-03)
91              	(-2.32699579e+00 9.55432197e-02 4.70368621e-01)	(-2.33688842e+00 9.08910935e-02 4.63029659e-01)	(9.89263086e-03 4.65212619e-03 7.33896197e-03)
92              	(-2.32670100e+00 9.55584459e-02 4.70767341e-01)	(-2.33681292e+00 9.09110573e-02 4.63302100e-01)	(1.01119246e-02 4.64738859e-03 7.46524076e-03)
93              	(-2.32641546e+00 9.55709180e-02 4.71172641e-01)	(-2.33674269e+00 9.09290954e-02 4.63580426e-01)	(1.03272321e-02 4.64182267e-03 7.59221539e-03)
94              	(-2.32613923e+00 9.55803311e-02 4.71584422e-01)	(-2.33667744e+00 9.09448526e-02 4.63864373e-01)	(1.05382102e-02 4.63547848e-03 7.72004937e-03)
95              	(-2.32587196e+00 9.55864867e-02 4.72001639e-01)	(-2.33661686e+00 9.09583321e-02 4.64153439e-01)	(1.07449006e-02 4.62815459e-03 7.84820031e-03)
96              	(-2.32561300e+00 9.55893301e-02 4.72424367e-01)	(-2.33656060e+00 9.09696976e-02 4.64447790e-01)	(1.09476071e-02 4.61963256e-03 7.97657766e-03)
97              	(-2.32536318e+00 9.55893760e-02 4.72853199e-01)	(-2.33650877e+00 9.09790681e-02 4.64747585e-01)	(1.11455879e-02 4.61030786e-03 8.10561407e-03)
98              	(-2.32512196e+00 9.55862007e-02 4.73288070e-01)	(-2.33646090e+00 9.09861353e-02 4.65052889e-01)	(1.13389371e-02 4.60006545e-03 8.23518050e-03)
99              	(-2.32488927e+00 9.55799800e-02 4.73728378e-01)	(-2.33641700e+00 9.09908468e-02 4.65363296e-01)	(1.15277269e-02 4.58913323e-03 8.36508258e-03)
100             	(-2.32466503e+00 9.55703567e-02 4.74173948e-01)	(-2.33637683e+00 9.09929051e-02 4.65678638e-01)	(1.17118014e-02 4.57745166e-03 8.49530942e-03)
101             	(-2.32444878e+00 9.55574525e-02 4.74624574e-01)	(-2.33634013e+00 9.09922915e-02 4.65998494e-01)	(1.18913497e-02 4.56516103e-03 8.62607971e-03)
102             	(-2.32423972e+00 9.55411946e-02 4.75079931e-01)	(-2.33630614e+00 9.09889178e-02 4.66322729e-01)	(1.20664238e-02 4.55227678e-03 8.75720242e-03)
103             	(-2.32403792e+00 9.55216376e-02 4.75540014e-01)	(-2.33627498e+00 9.09825550e-02 4.66651029e-01)	(1.22370604e-02 4.53908261e-03 8.88898486e-03)
104             	(-2.32384361e+00 9.54982133e-02 4.76004577e-01)	(-2.33624665e+00 9.09729078e-02 4.66983158e-01)	(1.24030358e-02 4.52530544e-03 9.02141864e-03)
105             	(-2.32365704e+00 9.54709282e-02 4.76472897e-01)	(-2.33622133e+00 9.09599588e-02 4.67318599e-01)	(1.25642876e-02 4.51096941e-03 9.15429772e-03)
106             	(-2.32347766e+00 9.54400028e-02 4.76944935e-01)	(-2.33619838e+00 9.09436930e-02 4.67657118e-01)	(1.27207239e-02 4.49630980e-03 9.28781695e-03)
107             	(-2.32330499e+00 9.54055045e-02 4.77420405e-01)	(-2.33617737e+00 9.09240886e-02 4.67998311e-01)	(1.28723845e-02 4.48141583e-03 9.42209398e-03)
108             	(-2.32313862e+00 9.53672126e-02 4.77899045e-01)	(-2.33615803e+00 9.09008814e-02 4.68341903e-01)	(1.30194073e-02 4.46633119e-03 9.55714282e-03)
109             	(-2.32297879e+00 9.53250677e-02 4.78380461e-01)	(-2.33614065e+00 9.08738606e-02 4.68687383e-01)	(1.31618666e-02 4.45120708e-03 9.69307818e-03)
110             	(-2.32282539e+00 9.52792511e-02 4.78864406e-01)	(-2.33612528e+00 9.08430559e-02 4.69034646e-01)	(1.32998901e-02 4.43619523e-03 9.82975999e-03)
111             	(-2.32267844e+00 9.52296375e-02 4.79350687e-01)	(-2.33611176e+00 9.08084925e-02 4.69383346e-01)	(1.34333161e-02 4.42114498e-03 9.96734046e-03)
112             	(-2.32253730e+00 9.51762233e-02 4.79839307e-01)	(-2.33609975e+00 9.07698898e-02 4.69733216e-01)	(1.35624438e-02 4.40633350e-03 1.01060913e-02)
113             	(-2.32240185e+00 9.51187453e-02 4.80329765e-01)	(-2.33608902e+00 9.07270846e-02 4.70083688e-01)	(1.36871714e-02 4.39166069e-03 1.02460772e-02)
114             	(-2.32227207e+00 9.50570492e-02 4.80822006e-01)	(-2.33607968e+00 9.06798613e-02 4.70434769e-01)	(1.38076073e-02 4.37718790e-03 1.03872364e-02)
115             	(-2.32214834e+00 9.49913315e-02 4.81315560e-01)	(-2.33607211e+00 9.06283673e-02 4.70786179e-01)	(1.39237674e-02 4.36296422e-03 1.05293814e-02)
116             	(-2.32203074e+00 9.49215721e-02 4.81810742e-01)	(-2.33606645e+00 9.05724878e-02 4.71138023e-01)	(1.40357112e-02 4.34908436e-03 1.06727185e-02)
117             	(-2.32191943e+00 9.48476443e-02 4.82307709e-01)	(-2.33606302e+00 9.05120601e-02 4.71490289e-01)	(1.41435985e-02 4.33558412e-03 1.08174199e-02)
118             	(-2.32181331e+00 9.47695645e-02 4.82805909e-01)	(-2.33606056e+00 9.04469233e-02 4.71842429e-01)	(1.42472535e-02 4.32264117e-03 1.09634806e-02)
119             	(-2.32171210e+00 9.46872248e-02 4.83304899e-01)	(-2.33605884e+00 9.03771785e-02 4.72194075e-01)	(1.43467406e-02 4.31004626e-03 1.11108240e-02)
120             	(-2.32161591e+00 9.46006945e-02 4.83804855e-01)	(-2.33605801e+00 9.03027813e-02 4.72545264e-01)	(1.44420994e-02 4.29791317e-03 1.12595909e-02)
121             	(-2.32152554e+00 9.45099377e-02 4.84305584e-01)	(-2.33605852e+00 9.02237942e-02 4.72895793e-01)	(1.45329862e-02 4.28614350e-03 1.14097912e-02)
122             	(-2.32144052e+00 9.44147435e-02 4.84806871e-01)	(-2.33606011e+00 9.01401395e-02 4.73245610e-01)	(1.46195889e-02 4.27460400e-03 1.15612601e-02)
123             	(-2.32136094e+00 9.43154009e-02 4.85308891e-01)	(-2.33606298e+00 9.00520094e-02 4.73594742e-01)	(1.47020370e-02 4.26339151e-03 1.17141496e-02)
124             	(-2.32128630e+00 9.42120961e-02 4.85811699e-01)	(-2.33606688e+00 8.99594072e-02 4.73943317e-01)	(1.47805761e-02 4.25268887e-03 1.18683818e-02)
125             	(-2.32121709e+00 9.41050450e-02 4.86315445e-01)	(-2.33607217e+00 8.98623015e-02 4.74291170e-01)	(1.48550819e-02 4.24274350e-03 1.20242751e-02)
126             	(-2.32115310e+00 9.39937454e-02 4.86819852e-01)	(-2.33607887e+00 8.97603481e-02 4.74638096e-01)	(1.49257769e-02 4.23339731e-03 1.21817554e-02)
127             	(-2.32109447e+00 9.38781113e-02 4.87324596e-01)	(-2.33608711e+00 8.96534668e-02 4.74983712e-01)	(1.49926393e-02 4.22464454e-03 1.23408834e-02)
128             	(-2.32104037e+00 9.37584754e-02 4.87829465e-01)	(-2.33609629e+00 8.95419057e-02 4.75327881e-01)	(1.50559131e-02 4.21656977e-03 1.25015841e-02)
129             	(-2.32099096e+00 9.36352104e-02 4.88334390e-01)	(-2.33610638e+00 8.94261009e-02 4.75670457e-01)	(1.51154185e-02 4.20910952e-03 1.26639335e-02)
130             	(-2.32094557e+00 9.35084303e-02 4.88839098e-01)	(-2.33611713e+00 8.93062881e-02 4.76011486e-01)	(1.51715581e-02 4.20214222e-03 1.28276122e-02)
131             	(-2.32090528e+00 9.33785535e-02 4.89344426e-01)	(-2.33612952e+00 8.91825770e-02 4.76351459e-01)	(1.52242453e-02 4.19597641e-03 1.29929663e-02)
132             	(-2.32086975e+00 9.32452761e-02 4.89850207e-01)	(-2.33614338e+00 8.90546988e-02 4.76690346e-01)	(1.52736313e-02 4.19057723e-03 1.31598617e-02)
133             	(-2.32083959e+00 9.31084693e-02 4.90356564e-01)	(-2.33615912e+00 8.89225887e-02 4.77028176e-01)	(1.53195256e-02 4.18588051e-03 1.33283876e-02)
134             	(-2.32081439e+00 9.29678723e-02 4.90863106e-01)	(-2.33617629e+00 8.87861758e-02 4.77364637e-01)	(1.53619039e-02 4.18169643e-03 1.34984690e-02)
135             	(-2.32079417e+00 9.28242494e-02 4.91370168e-01)	(-2.33619516e+00 8.86459354e-02 4.77699887e-01)	(1.54009857e-02 4.17831406e-03 1.36702805e-02)
136             	(-2.32077875e+00 9.26775107e-02 4.91877416e-01)	(-2.33621557e+00 8.85020557e-02 4.78033770e-01)	(1.54368220e-02 4.17545506e-03 1.38436460e-02)
137             	(-2.32076838e+00 9.25280318e-02 4.92384922e-01)	(-2.33623794e+00 8.83548143e-02 4.78366323e-01)	(1.54695563e-02 4.17321743e-03 1.40185989e-02)
138             	(-2.32076269e+00 9.23757796e-02 4.92892758e-01)	(-2.33626185e+00 8.82042572e-02 4.78697603e-01)	(1.54991663e-02 4.17152241e-03 1.41951555e-02)
139             	(-2.32076197e+00 9.22207206e-02 4.93400778e-01)	(-2.33628763e+00 8.80505925e-02 4.79027682e-01)	(1.55256611e-02 4.17012815e-03 1.43730967e-02)
140             	(-2.32076573e+00 9.20627458e-02 4.93908534e-01)	(-2.33631534e+00 8.78938389e-02 4.79356736e-01)	(1.55496034e-02 4.16890696e-03 1.45517988e-02)
141             	(-2.32077608e+00 9.19026671e-02 4.94417846e-01)	(-2.33634643e+00 8.77342171e-02 4.79685472e-01)	(1.55703467e-02 4.16845006e-03 1.47323740e-02)
142             	(-2.32079275e+00 9.17403012e-02 4.94928447e-01)	(-2.33638086e+00 8.75718064e-02 4.80013920e-01)	(1.55881073e-02 4.16849475e-03 1.49145265e-02)
143             	(-2.32081591e+00 9.15758135e-02 4.95439979e-01)	(-2.33641894e+00 8.74068217e-02 4.80341875e-01)	(1.56030281e-02 4.16899180e-03 1.50981037e-02)
144             	(-2.32084540e+00 9.14095899e-02 4.95952749e-01)	(-2.33646023e+00 8.72393408e-02 4.80669100e-01)	(1.56148290e-02 4.17024911e-03 1.52836485e-02)
145             	(-2.32088110e+00 9.12418020e-02 4.96466195e-01)	(-2.33650471e+00 8.70696813e-02 4.80995266e-01)	(1.56236068e-02 4.17212074e-03 1.54709294e-02)
146             	(-2.32092272e+00 9.10727775e-02 4.96980474e-01)	(-2.33655189e+00 8.68981259e-02 4.81320170e-01)	(1.56291738e-02 4.17465164e-03 1.56603038e-02)
147             	(-2.32097030e+00 9.09027047e-02 4.97495337e-01)	(-2.33660213e+00 8.67249227e-02 4.81643770e-01)	(1.56318336e-02 4.17778207e-03 1.58515675e-02)
148             	(-2.32102374e+00 9.07316310e-02 4.98010932e-01)	(-2.33665523e+00 8.65500743e-02 4.81965996e-01)	(1.56314863e-02 4.18155672e-03 1.60449356e-02)
149             	(-2.32108362e+00 9.05598444e-02 4.98527369e-01)	(-2.33671198e+00 8.63737718e-02 4.82287115e-01)	(1.56283618e-02 4.18607267e-03 1.62402546e-02)
150             	(-2.32114970e+00 9.03872818e-02 4.99044531e-01)	(-2.33677213e+00 8.61960621e-02 4.82607015e-01)	(1.56224238e-02 4.19121966e-03 1.64375166e-02)
151             	(-2.32122258e+00 9.02141297e-02 4.99562703e-01)	(-2.33683623e+00 8.60172116e-02 4.82926016e-01)	(1.56136526e-02 4.19691804e-03 1.66366877e-02)
152             	(-2.32130183e+00 9.00407946e-02 5.00081899e-01)	(-2.33690393e+00 8.58374842e-02 4.83244065e-01)	(1.56021078e-02 4.20331039e-03 1.68378348e-02)
153             	(-2.32138827e+00 8.98674995e-02 5.00602662e-01)	(-2.33697587e+00 8.56570985e-02 4.83561462e-01)	(1.55876002e-02 4.21040102e-03 1.70411993e-02)
154             	(-2.32148139e+00 8.96940089e-02 5.01124417e-01)	(-2.33705172e+00 8.54759756e-02 4.83877855e-01)	(1.55703327e-02 4.21803322e-03 1.72465624e-02)
155             	(-2.32158169e+00 8.95206104e-02 5.01647298e-01)	(-2.33713198e+00 8.52943782e-02 4.84193293e-01)	(1.55502946e-02 4.22623223e-03 1.74540048e-02)
156             	(-2.32168889e+00 8.93473122e-02 5.02170948e-01)	(-2.33721665e+00 8.51123940e-02 4.84507755e-01)	(1.55277528e-02 4.23491821e-03 1.76631932e-02)
157             	(-2.32180375e+00 8.91743706e-02 5.02695926e-01)	(-2.33730625e+00 8.49302622e-02 4.84821656e-01)	(1.55025049e-02 4.24410842e-03 1.78742692e-02)
158             	(-2.32192610e+00 8.90019642e-02 5.03222749e-01)	(-2.33740040e+00 8.47481346e-02 4.85134974e-01)	(1.54743027e-02 4.25382964e-03 1.80877753e-02)
159             	(-2.32205550e+00 8.88302342e-02 5.03750839e-01)	(-2.33749909e+00 8.45662178e-02 4.85447614e-01)	(1.54435898e-02 4.26401634e-03 1.83032242e-02)
160             	(-2.32219103e+00 8.86591097e-02 5.04279389e-01)	(-2.33760163e+00 8.43845706e-02 4.85759158e-01)	(1.54105925e-02 4.27453906e-03 1.85202316e-02)
161             	(-2.32233304e+00 8.84887857e-02 5.04808644e-01)	(-2.33770835e+00 8.42033799e-02 4.86069877e-01)	(1.53753073e-02 4.28540581e-03 1.87387664e-02)
162             	(-2.32248077e+00 8.83193743e-02 5.05338241e-01)	(-2.33781870e+00 8.40227194e-02 4.86379478e-01)	(1.53379331e-02 4.29665490e-03 1.89587630e-02)
163             	(-2.32263420e+00 8.81508922e-02 5.05867956e-01)	(-2.33793285e+00 8.38427085e-02 4.86687934e-01)	(1.52986531e-02 4.30818363e-03 1.91800212e-02)
164             	(-2.32279299e+00 8.79833435e-02 5.06397639e-01)	(-2.33805028e+00 8.36632994e-02 4.86994896e-01)	(1.52572893e-02 4.32004409e-03 1.94027438e-02)
165             	(-2.32295728e+00 8.78170555e-02 5.06927456e-01)	(-2.33817122e+00 8.34847119e-02 4.87300524e-01)	(1.52139348e-02 4.33234359e-03 1.96269314e-02)
166             	(-2.32312663e+00 8.76519952e-02 5.07457119e-01)	(-2.33829533e+00 8.33070706e-02 4.87604660e-01)	(1.51687002e-02 4.34492468e-03 1.98524587e-02)
167             	(-2.32330098e+00 8.74883899e-02 5.07986656e-01)	(-2.33842259e+00 8.31305109e-02 4.87907287e-01)	(1.51216062e-02 4.35787902e-03 2.00793692e-02)
168             	(-2.32347944e+00 8.73261876e-02 5.08515445e-01)	(-2.33855226e+00 8.29550677e-02 4.88207997e-01)	(1.50728271e-02 4.37111989e-03 2.03074473e-02)
169             	(-2.32366160e+00 8.71653282e-02 5.09043201e-01)	(-2.33868406e+00 8.27807412e-02 4.88506558e-01)	(1.50224595e-02 4.38458705e-03 2.05366431e-02)
170             	(-2.32384651e+00 8.70056696e-02 5.09569210e-01)	(-2.33881699e+00 8.26074320e-02 4.88802278e-01)	(1.49704801e-02 4.39823754e-03 2.07669314e-02)
171             	(-2.32403491e+00 8.68472739e-02 5.10093903e-01)	(-2.33895228e+00 8.24352687e-02 4.89096121e-01)	(1.49173649e-02 4.41200515e-03 2.09977819e-02)
172             	(-2.32422776e+00 8.66903352e-02 5.10618184e-01)	(-2.33909053e+00 8.22644274e-02 4.89388642e-01)	(1.48627657e-02 4.42590782e-03 2.12295417e-02)
173             	(-2.32442527e+00 8.65351408e-02 5.11142423e-01)	(-2.33923199e+00 8.20951106e-02 4.89680075e-01)	(1.48067188e-02 4.44003017e-03 2.14623484e-02)
174             	(-2.32462591e+00 8.63816237e-02 5.11665596e-01)	(-2.33937516e+00 8.19273452e-02 4.89969538e-01)	(1.47492469e-02 4.45427845e-03 2.16960580e-02)
175             	(-2.32482888e+00 8.62297619e-02 5.12187444e-01)	(-2.33951918e+00 8.17610913e-02 4.90256617e-01)	(1.46903000e-02 4.46867055e-03 2.19308271e-02)
176             	(-2.32503299e+00 8.60793074e-02 5.12706665e-01)	(-2.33966343e+00 8.15962855e-02 4.90540762e-01)	(1.46304451e-02 4.48302190e-03 2.21659028e-02)
177             	(-2.32523925e+00 8.59304607e-02 5.13223916e-01)	(-2.33980914e+00 8.14330632e-02 4.90822853e-01)	(1.45698892e-02 4.49739745e-03 2.24010626e-02)
178             	(-2.32544823e+00 8.57831882e-02 5.13740162e-01)	(-2.33995630e+00 8.12713397e-02 4.91103074e-01)	(1.45080784e-02 4.51184857e-03 2.26370884e-02)
179             	(-2.32566033e+00 8.56375550e-02 5.14255490e-01)	(-2.34010554e+00 8.11112432e-02 4.91381817e-01)	(1.44452148e-02 4.52631176e-03 2.28736735e-02)
180             	(-2.32587362e+00 8.54935938e-02 5.14768631e-01)	(-2.34025511e+00 8.09526039e-02 4.91657944e-01)	(1.43814970e-02 4.54098983e-03 2.31106870e-02)
181             	(-2.32608931e+00 8.53512249e-02 5.15280065e-01)	(-2.34040613e+00 8.07955350e-02 4.91932091e-01)	(1.43168244e-02 4.55568987e-03 2.33479740e-02)
182             	(-2.32630647e+00 8.52100816e-02 5.15789416e-01)	(-2.34055785e+00 8.06397720e-02 4.92203891e-01)	(1.42513856e-02 4.57030963e-03 2.35855250e-02)
183             	(-2.32652670e+00 8.50704074e-02 5.16297799e-01)	(-2.34071179e+00 8.04853808e-02 4.92474403e-01)	(1.41850925e-02 4.58502667e-03 2.38233962e-02)
184             	(-2.32674762e+00 8.49320419e-02 5.16801996e-01)	(-2.34086606e+00 8.03322548e-02 4.92742480e-01)	(1.41184374e-02 4.59978713e-03 2.40595162e-02)
185             	(-2.32696904e+00 8.47947914e-02 5.17299581e-01)	(-2.34102149e+00 8.01806347e-02 4.93008859e-01)	(1.40524528e-02 4.61415662e-03 2.42907220e-02)
186             	(-2.32718655e+00 8.46578339e-02 5.17783784e-01)	(-2.34117674e+00 8.00304529e-02 4.93273572e-01)	(1.39901877e-02 4.62738096e-03 2.45102122e-02)
187             	(-2.32740244e+00 8.45216671e-02 5.18261098e-01)	(-2.34133370e+00 7.98820339e-02 4.93539457e-01)	(1.39312615e-02 4.63963324e-03 2.47216409e-02)
188             	(-2.32761814e+00 8.43866843e-02 5.18736589e-01)	(-2.34149234e+00 7.97353584e-02 4.93807473e-01)	(1.38742017e-02 4.65132592e-03 2.49291167e-02)
189             	(-2.32783785e+00 8.42532084e-02 5.19213977e-01)	(-2.34165502e+00 7.95905488e-02 4.94078466e-01)	(1.38171701e-02 4.66265959e-03 2.51355108e-02)
190             	(-2.32806034e+00 8.41211592e-02 5.19690694e-01)	(-2.34182037e+00 7.94474355e-02 4.94350066e-01)	(1.37600311e-02 4.67372367e-03 2.53406276e-02)
191             	(-2.32828467e+00 8.39904389e-02 5.20165032e-01)	(-2.34198722e+00 7.93058450e-02 4.94620385e-01)	(1.37025495e-02 4.68459388e-03 2.55446472e-02)
192             	(-2.32850899e+00 8.38611535e-02 5.20636471e-01)	(-2.34215363e+00 7.91656195e-02 4.94887859e-01)	(1.36446330e-02 4.69553394e-03 2.57486120e-02)
193             	(-2.32873226e+00 8.37328078e-02 5.21103976e-01)	(-2.34231859e+00 7.90266268e-02 4.95151635e-01)	(1.35863328e-02 4.70618103e-03 2.59523415e-02)
194             	(-2.32895467e+00 8.36057610e-02 5.21567336e-01)	(-2.34248268e+00 7.88891074e-02 4.95412210e-01)	(1.35280098e-02 4.71665360e-03 2.61551255e-02)
195             	(-2.32917619e+00 8.34799840e-02 5.22026732e-01)	(-2.34264589e+00 7.87529861e-02 4.95669908e-01)	(1.34696968e-02 4.72699788e-03 2.63568240e-02)
196             	(-2.32939866e+00 8.33556055e-02 5.22484201e-01)	(-2.34280985e+00 7.86182656e-02 4.95926055e-01)	(1.34111975e-02 4.73733985e-03 2.65581458e-02)
197             	(-2.32962110e+00 8.32324849e-02 5.22938993e-01)	(-2.34297370e+00 7.84848408e-02 4.96180061e-01)	(1.33526020e-02 4.74764407e-03 2.67589312e-02)
198             	(-2.32984457e+00 8.31107432e-02 5.23391587e-01)	(-2.34313831e+00 7.83527536e-02 4.96432141e-01)	(1.32937384e-02 4.75798960e-03 2.69594461e-02)
199             	(-2.33006754e+00 8.29901007e-02 5.23840364e-01)	(-2.34330219e+00 7.82216975e-02 4.96680471e-01)	(1.32346470e-02 4.76840324e-03 2.71598930e-02)
200             	(-2.33029065e+00 8.28707282e-02 5.24285038e-01)	(-2.34346616e+00 7.80919863e-02 4.96925059e-01)	(1.31755113e-02 4.77874190e-03 2.73599790e-02)
201             	(-2.33051165e+00 8.27525094e-02 5.24724138e-01)	(-2.34362804e+00 7.79635787e-02 4.97164649e-01)	(1.31163910e-02 4.78893067e-03 2.75594890e-02)
202             	(-2.33073243e+00 8.26359171e-02 5.25159275e-01)	(-2.34378963e+00 7.78367678e-02 4.97400875e-01)	(1.30572006e-02 4.79914930e-03 2.77584005e-02)
203             	(-2.33095111e+00 8.25203827e-02 5.25589567e-01)	(-2.34394921e+00 7.77111209e-02 4.97633076e-01)	(1.29980970e-02 4.80926179e-03 2.79564903e-02)
204             	(-2.33117061e+00 8.24062880e-02 5.26017396e-01)	(-2.34410953e+00 7.75868375e-02 4.97863067e-01)	(1.29389181e-02 4.81945044e-03 2.81543289e-02)
205             	(-2.33138799e+00 8.22933601e-02 5.26440803e-01)	(-2.34426780e+00 7.74635777e-02 4.98089064e-01)	(1.28798105e-02 4.82978245e-03 2.83517390e-02)
206             	(-2.33160484e+00 8.21817321e-02 5.26860330e-01)	(-2.34442552e+00 7.73415276e-02 4.98311307e-01)	(1.28206786e-02 4.84020458e-03 2.85490228e-02)
207             	(-2.33181867e+00 8.20711256e-02 5.27274100e-01)	(-2.34458024e+00 7.72205033e-02 4.98527970e-01)	(1.27615700e-02 4.85062232e-03 2.87461307e-02)
208             	(-2.33203359e+00 8.19619134e-02 5.27684653e-01)	(-2.34473593e+00 7.71008257e-02 4.98741828e-01)	(1.27023319e-02 4.86108774e-03 2.89428253e-02)
209             	(-2.33224741e+00 8.18534899e-02 5.28090748e-01)	(-2.34489067e+00 7.69822711e-02 4.98951835e-01)	(1.26432605e-02 4.87121885e-03 2.91389129e-02)
210             	(-2.33246203e+00 8.17462228e-02 5.28493920e-01)	(-2.34504613e+00 7.68650214e-02 4.99159256e-01)	(1.25841042e-02 4.88120139e-03 2.93346644e-02)
211             	(-2.33267374e+00 8.16397673e-02 5.28891186e-01)	(-2.34519885e+00 7.67488054e-02 4.99361866e-01)	(1.25251085e-02 4.89096187e-03 2.95293198e-02)
212             	(-2.33288255e+00 8.15344215e-02 5.29283443e-01)	(-2.34534863e+00 7.66336964e-02 4.99559562e-01)	(1.24660799e-02 4.90072512e-03 2.97238807e-02)
213             	(-2.33308573e+00 8.14301800e-02 5.29668991e-01)	(-2.34549292e+00 7.65195346e-02 4.99750799e-01)	(1.24071836e-02 4.91064535e-03 2.99181920e-02)
214             	(-2.33328656e+00 8.13274038e-02 5.30050098e-01)	(-2.34563501e+00 7.64066463e-02 4.99937786e-01)	(1.23484477e-02 4.92075747e-03 3.01123115e-02)
215             	(-2.33348536e+00 8.12257536e-02 5.30426475e-01)	(-2.34577527e+00 7.62948560e-02 5.00120593e-01)	(1.22899103e-02 4.93089760e-03 3.03058822e-02)
216             	(-2.33368491e+00 8.11256226e-02 5.30800223e-01)	(-2.34591639e+00 7.61842904e-02 5.00301019e-01)	(1.22314777e-02 4.94133224e-03 3.04992038e-02)
217             	(-2.33388276e+00 8.10268049e-02 5.31169738e-01)	(-2.34605608e+00 7.60748580e-02 5.00477886e-01)	(1.21733290e-02 4.95194685e-03 3.06918513e-02)
218             	(-2.33407943e+00 8.09292078e-02 5.31535313e-01)	(-2.34619469e+00 7.59667067e-02 5.00651683e-01)	(1.21152565e-02 4.96250107e-03 3.08836304e-02)
219             	(-2.33427269e+00 8.08328371e-02 5.31896189e-01)	(-2.34633019e+00 7.58597401e-02 5.00821603e-01)	(1.20574930e-02 4.97309698e-03 3.10745857e-02)
220             	(-2.33446393e+00 8.07379175e-02 5.32253818e-01)	(-2.34646399e+00 7.57540313e-02 5.00988824e-01)	(1.20000584e-02 4.98388620e-03 3.12649934e-02)
221             	(-2.33465243e+00 8.06440494e-02 5.32607827e-01)	(-2.34659552e+00 7.56494205e-02 5.01152904e-01)	(1.19430908e-02 4.99462896e-03 3.14549235e-02)
222             	(-2.33483988e+00 8.05515693e-02 5.32958903e-01)	(-2.34672632e+00 7.55460698e-02 5.01314516e-01)	(1.18864430e-02 5.00549951e-03 3.16443876e-02)
223             	(-2.33502492e+00 8.04602583e-02 5.33305758e-01)	(-2.34685528e+00 7.54438836e-02 5.01472726e-01)	(1.18303589e-02 5.01637478e-03 3.18330324e-02)
224             	(-2.33520881e+00 8.03705314e-02 5.33648798e-01)	(-2.34698363e+00 7.53429425e-02 5.01627823e-01)	(1.17748232e-02 5.02758888e-03 3.20209748e-02)
225             	(-2.33539049e+00 8.02821204e-02 5.33986514e-01)	(-2.34711044e+00 7.52429878e-02 5.01778777e-01)	(1.17199497e-02 5.03913260e-03 3.22077367e-02)
226             	(-2.33557108e+00 8.01949007e-02 5.34319524e-01)	(-2.34723681e+00 7.51439705e-02 5.01926098e-01)	(1.16657219e-02 5.05093026e-03 3.23934264e-02)
227             	(-2.33574856e+00 8.01088542e-02 5.34646242e-01)	(-2.34736096e+00 7.50456104e-02 5.02068900e-01)	(1.16124068e-02 5.06324383e-03 3.25773421e-02)
228             	(-2.33592312e+00 8.00239252e-02 5.34966961e-01)	(-2.34748331e+00 7.49480734e-02 5.02207953e-01)	(1.15601893e-02 5.07585187e-03 3.27590077e-02)
229             	(-2.33609301e+00 7.99398318e-02 5.35281403e-01)	(-2.34760209e+00 7.48513507e-02 5.02342726e-01)	(1.15090768e-02 5.08848118e-03 3.29386770e-02)
230             	(-2.33625926e+00 7.98568137e-02 5.35590991e-01)	(-2.34771796e+00 7.47557048e-02 5.02474053e-01)	(1.14587010e-02 5.10110889e-03 3.31169381e-02)
231             	(-2.33642203e+00 7.97753021e-02 5.35896618e-01)	(-2.34783094e+00 7.46612836e-02 5.02602095e-01)	(1.14089140e-02 5.11401854e-03 3.32945226e-02)
232             	(-2.33658313e+00 7.96954074e-02 5.36199271e-01)	(-2.34794270e+00 7.45681784e-02 5.02727711e-01)	(1.13595712e-02 5.12722895e-03 3.34715602e-02)
233             	(-2.33674192e+00 7.96162934e-02 5.36497505e-01)	(-2.34805269e+00 7.44759777e-02 5.02850304e-01)	(1.13107689e-02 5.14031563e-03 3.36472013e-02)
234             	(-2.33689943e+00 7.95381223e-02 5.36792442e-01)	(-2.34816198e+00 7.43846004e-02 5.02970682e-01)	(1.12625493e-02 5.15352189e-03 3.38217601e-02)
235             	(-2.33705441e+00 7.94610130e-02 5.37083743e-01)	(-2.34826937e+00 7.42940006e-02 5.03088322e-01)	(1.12149642e-02 5.16701242e-03 3.39954207e-02)
236             	(-2.33720729e+00 7.93852789e-02 5.37371790e-01)	(-2.34837526e+00 7.42043263e-02 5.03203547e-01)	(1.11679746e-02 5.18095264e-03 3.41682426e-02)
237             	(-2.33735674e+00 7.93105879e-02 5.37655869e-01)	(-2.34847830e+00 7.41153951e-02 5.03315344e-01)	(1.11215525e-02 5.19519284e-03 3.43405249e-02)
238             	(-2.33750416e+00 7.92369583e-02 5.37936414e-01)	(-2.34857978e+00 7.40273543e-02 5.03424347e-01)	(1.10756214e-02 5.20960394e-03 3.45120671e-02)
239             	(-2.33764857e+00 7.91642843e-02 5.38212337e-01)	(-2.34867889e+00 7.39401311e-02 5.03530030e-01)	(1.10303231e-02 5.22415320e-03 3.46823065e-02)
240             	(-2.33779149e+00 7.90926334e-02 5.38485161e-01)	(-2.34877710e+00 7.38538690e-02 5.03633670e-01)	(1.09856132e-02 5.23876435e-03 3.48514909e-02)
241             	(-2.33793208e+00 7.90218661e-02 5.38754863e-01)	(-2.34887357e+00 7.37685151e-02 5.03735120e-01)	(1.09414958e-02 5.25335106e-03 3.50197428e-02)
242             	(-2.33807135e+00 7.89523147e-02 5.39022512e-01)	(-2.34896929e+00 7.36842616e-02 5.03835057e-01)	(1.08979401e-02 5.26805310e-03 3.51874548e-02)
243             	(-2.33820763e+00 7.88838928e-02 5.39286409e-01)	(-2.34906268e+00 7.36009177e-02 5.03932147e-01)	(1.08550477e-02 5.28297503e-03 3.53542624e-02)
244             	(-2.33834214e+00 7.88166797e-02 5.39547033e-01)	(-2.34915474e+00 7.35184959e-02 5.04026750e-01)	(1.08126084e-02 5.29818379e-03 3.55202829e-02)
245             	(-2.33847461e+00 7.87506849e-02 5.39804426e-01)	(-2.34924527e+00 7.34369657e-02 5.04118734e-01)	(1.07706599e-02 5.31371915e-03 3.56856923e-02)
246             	(-2.33860490e+00 7.86858736e-02 5.40058377e-01)	(-2.34933426e+00 7.33562704e-02 5.04208112e-01)	(1.07293583e-02 5.32960314e-03 3.58502652e-02)
247             	(-2.33873321e+00 7.86219812e-02 5.40308676e-01)	(-2.34942196e+00 7.32763988e-02 5.04295181e-01)	(1.06887531e-02 5.34558243e-03 3.60134955e-02)
248             	(-2.33885976e+00 7.85593039e-02 5.40555731e-01)	(-2.34950866e+00 7.31974019e-02 5.04380523e-01)	(1.06488957e-02 5.36190197e-03 3.61752073e-02)
249             	(-2.33898420e+00 7.84976340e-02 5.40799783e-01)	(-2.34959392e+00 7.31190008e-02 5.04464061e-01)	(1.06097142e-02 5.37863322e-03 3.63357216e-02)
250             	(-2.33910711e+00 7.84363584e-02 5.41041283e-01)	(-2.34967825e+00 7.30411981e-02 5.04546217e-01)	(1.05711320e-02 5.39516036e-03 3.64950659e-02)
251             	(-2.33922711e+00 7.83758586e-02 5.41279891e-01)	(-2.34976037e+00 7.29639647e-02 5.04626032e-01)	(1.05332580e-02 5.41189390e-03 3.66538583e-02)
252             	(-2.33934577e+00 7.83165666e-02 5.41516339e-01)	(-2.34984174e+00 7.28876594e-02 5.04704194e-01)	(1.04959655e-02 5.42890722e-03 3.68121448e-02)
253             	(-2.33946212e+00 7.82583344e-02 5.41749518e-01)	(-2.34992137e+00 7.28122229e-02 5.04779799e-01)	(1.04592505e-02 5.44611147e-03 3.69697188e-02)
254             	(-2.33957856e+00 7.82018737e-02 5.41980854e-01)	(-2.35000153e+00 7.27379052e-02 5.04854201e-01)	(1.04229699e-02 5.46396854e-03 3.71266531e-02)
255             	(-2.33969175e+00 7.81462411e-02 5.42208145e-01)	(-2.35007918e+00 7.26642484e-02 5.04925582e-01)	(1.03874308e-02 5.48199272e-03 3.72825638e-02)
256             	(-2.33980469e+00 7.80917093e-02 5.42433570e-01)	(-2.35015711e+00 7.25915484e-02 5.04996233e-01)	(1.03524287e-02 5.50016094e-03 3.74373375e-02)
257             	(-2.33991214e+00 7.80375891e-02 5.42653658e-01)	(-2.35023050e+00 7.25191331e-02 5.05063223e-01)	(1.03183564e-02 5.51845592e-03 3.75904349e-02)
258             	(-2.34002008e+00 7.79845941e-02 5.42873034e-01)	(-2.35030473e+00 7.24476069e-02 5.05130335e-01)	(1.02846487e-02 5.53698719e-03 3.77426993e-02)
259             	(-2.34012441e+00 7.79320627e-02 5.43088929e-01)	(-2.35037617e+00 7.23766944e-02 5.05195086e-01)	(1.02517626e-02 5.55536829e-03 3.78938427e-02)
260             	(-2.34022914e+00 7.78808626e-02 5.43303291e-01)	(-2.35044843e+00 7.23068640e-02 5.05259672e-01)	(1.02192900e-02 5.57399863e-03 3.80436186e-02)
261             	(-2.34033065e+00 7.78305855e-02 5.43514515e-01)	(-2.35051823e+00 7.22378248e-02 5.05321894e-01)	(1.01875860e-02 5.59276065e-03 3.81926204e-02)
262             	(-2.34043100e+00 7.77814652e-02 5.43723740e-01)	(-2.35058726e+00 7.21695330e-02 5.05382701e-01)	(1.01562576e-02 5.61193218e-03 3.83410381e-02)
263             	(-2.34052788e+00 7.77330194e-02 5.43929031e-01)	(-2.35065348e+00 7.21016198e-02 5.05440673e-01)	(1.01256035e-02 5.63139957e-03 3.84883579e-02)
264             	(-2.34062535e+00 7.76858162e-02 5.44133161e-01)	(-2.35072078e+00 7.20345273e-02 5.05498461e-01)	(1.00954264e-02 5.65128886e-03 3.86346997e-02)
265             	(-2.34071955e+00 7.76391243e-02 5.44333792e-01)	(-2.35078573e+00 7.19679163e-02 5.05553983e-01)	(1.00661786e-02 5.67120805e-03 3.87798091e-02)
266             	(-2.34081361e+00 7.75934575e-02 5.44533422e-01)	(-2.35085098e+00 7.19020486e-02 5.05609219e-01)	(1.00373708e-02 5.69140896e-03 3.89242036e-02)
267             	(-2.34090451e+00 7.75480745e-02 5.44729850e-01)	(-2.35091388e+00 7.18367721e-02 5.05662407e-01)	(1.00093727e-02 5.71130245e-03 3.90674433e-02)
268             	(-2.34099487e+00 7.75037814e-02 5.44925058e-01)	(-2.35097675e+00 7.17723249e-02 5.05715009e-01)	(9.98188310e-03 5.73145650e-03 3.92100496e-02)
269             	(-2.34108199e+00 7.74603142e-02 5.45117307e-01)	(-2.35103715e+00 7.17084051e-02 5.05765251e-01)	(9.95515999e-03 5.75190912e-03 3.93520561e-02)
270             	(-2.34116908e+00 7.74177822e-02 5.45308240e-01)	(-2.35109799e+00 7.16451956e-02 5.05814866e-01)	(9.92891681e-03 5.77258658e-03 3.94933740e-02)
271             	(-2.34125391e+00 7.73760875e-02 5.45496158e-01)	(-2.35115742e+00 7.15826200e-02 5.05862666e-01)	(9.90350636e-03 5.79346753e-03 3.96334919e-02)
272             	(-2.34133897e+00 7.73353627e-02 5.45683148e-01)	(-2.35121759e+00 7.15208280e-02 5.05910337e-01)	(9.87862229e-03 5.81453477e-03 3.97728112e-02)
273             	(-2.34142191e+00 7.72954403e-02 5.45867648e-01)	(-2.35127642e+00 7.14597206e-02 5.05956754e-01)	(9.85451545e-03 5.83571966e-03 3.99108941e-02)
274             	(-2.34150283e+00 7.72562618e-02 5.46050167e-01)	(-2.35133380e+00 7.13991410e-02 5.06001993e-01)	(9.83097008e-03 5.85712075e-03 4.00481744e-02)
275             	(-2.34158146e+00 7.72177932e-02 5.46230403e-01)	(-2.35138957e+00 7.13391918e-02 5.06045895e-01)	(9.80811065e-03 5.87860138e-03 4.01845072e-02)
276             	(-2.34165880e+00 7.71799745e-02 5.46408711e-01)	(-2.35144465e+00 7.12798033e-02 5.06088825e-01)	(9.78585426e-03 5.90017125e-03 4.03198865e-02)
277             	(-2.34173494e+00 7.71429300e-02 5.46584617e-01)	(-2.35149925e+00 7.12210912e-02 5.06130853e-01)	(9.76431147e-03 5.92183880e-03 4.04537637e-02)
278             	(-2.34180970e+00 7.71065297e-02 5.46758384e-01)	(-2.35155310e+00 7.11629562e-02 5.06172059e-01)	(9.74340181e-03 5.94357350e-03 4.05863252e-02)
279             	(-2.34188297e+00 7.70708635e-02 5.46930526e-01)	(-2.35160608e+00 7.11054743e-02 5.06212694e-01)	(9.72311136e-03 5.96538920e-03 4.07178317e-02)
280             	(-2.34195467e+00 7.70360518e-02 5.47101276e-01)	(-2.35165807e+00 7.10485877e-02 5.06252703e-01)	(9.70339524e-03 5.98746410e-03 4.08485728e-02)
281             	(-2.34202514e+00 7.70020231e-02 5.47270382e-01)	(-2.35170942e+00 7.09923946e-02 5.06292123e-01)	(9.68428067e-03 6.00962844e-03 4.09782584e-02)
282             	(-2.34209414e+00 7.69686765e-02 5.47437684e-01)	(-2.35175984e+00 7.09368055e-02 5.06330614e-01)	(9.66569910e-03 6.03187095e-03 4.11070707e-02)
283             	(-2.34216196e+00 7.69360280e-02 5.47603128e-01)	(-2.35180948e+00 7.08819193e-02 5.06368170e-01)	(9.64751865e-03 6.05410871e-03 4.12349584e-02)
284             	(-2.34222853e+00 7.69043928e-02 5.47767037e-01)	(-2.35185844e+00 7.08277817e-02 5.06404818e-01)	(9.62990235e-03 6.07661105e-03 4.13622187e-02)
285             	(-2.34229283e+00 7.68734534e-02 5.47928658e-01)	(-2.35190574e+00 7.07742712e-02 5.06439951e-01)	(9.61291652e-03 6.09918225e-03 4.14887070e-02)
286             	(-2.34235683e+00 7.68438240e-02 5.48088656e-01)	(-2.35195326e+00 7.07215152e-02 5.06474756e-01)	(9.59642583e-03 6.12230879e-03 4.16139003e-02)
287             	(-2.34241844e+00 7.68145027e-02 5.48246149e-01)	(-2.35199910e+00 7.06692093e-02 5.06508106e-01)	(9.58066297e-03 6.14529334e-03 4.17380430e-02)
288             	(-2.34248056e+00 7.67857779e-02 5.48403394e-01)	(-2.35204577e+00 7.06175357e-02 5.06541773e-01)	(9.56521239e-03 6.16824221e-03 4.18616208e-02)
289             	(-2.34254044e+00 7.67577411e-02 5.48558452e-01)	(-2.35209082e+00 7.05665071e-02 5.06574225e-01)	(9.55037603e-03 6.19123395e-03 4.19842272e-02)
290             	(-2.34259907e+00 7.67305867e-02 5.48711607e-01)	(-2.35213511e+00 7.05162199e-02 5.06606016e-01)	(9.53603663e-03 6.21436682e-03 4.21055910e-02)
291             	(-2.34265477e+00 7.67040117e-02 5.48862480e-01)	(-2.35217712e+00 7.04663381e-02 5.06636165e-01)	(9.52235315e-03 6.23767364e-03 4.22263147e-02)
292             	(-2.34271008e+00 7.66776433e-02 5.49012325e-01)	(-2.35221913e+00 7.04167394e-02 5.06665994e-01)	(9.50904282e-03 6.26090390e-03 4.23463312e-02)
293             	(-2.34276409e+00 7.66514890e-02 5.49160291e-01)	(-2.35226044e+00 7.03674886e-02 5.06695080e-01)	(9.49634953e-03 6.28400038e-03 4.24652109e-02)
294             	(-2.34281809e+00 7.66257790e-02 5.49306917e-01)	(-2.35230226e+00 7.03188598e-02 5.06724363e-01)	(9.48417491e-03 6.30691929e-03 4.25825535e-02)
295             	(-2.34287087e+00 7.66006283e-02 5.49452317e-01)	(-2.35234344e+00 7.02709821e-02 5.06753505e-01)	(9.47256924e-03 6.32964626e-03 4.26988123e-02)
296             	(-2.34292240e+00 7.65759650e-02 5.49596539e-01)	(-2.35238383e+00 7.02238904e-02 5.06782390e-01)	(9.46142510e-03 6.35207456e-03 4.28141491e-02)
297             	(-2.34297156e+00 7.65519560e-02 5.49739013e-01)	(-2.35242246e+00 7.01774232e-02 5.06810294e-01)	(9.45090298e-03 6.37453276e-03 4.29287190e-02)
298             	(-2.34302004e+00 7.65282271e-02 5.49880174e-01)	(-2.35246091e+00 7.01315112e-02 5.06837868e-01)	(9.44087724e-03 6.39671586e-03 4.30423058e-02)
299             	(-2.34306753e+00 7.65048726e-02 5.50019760e-01)	(-2.35249906e+00 7.00861272e-02 5.06864934e-01)	(9.43152501e-03 6.41874541e-03 4.31548261e-02)
300             	(-2.34311469e+00 7.64821028e-02 5.50158359e-01)	(-2.35253736e+00 7.00412054e-02 5.06891944e-01)	(9.42267778e-03 6.44089742e-03 4.32664147e-02)
301             	(-2.34315929e+00 7.64594077e-02 5.50294887e-01)	(-2.35257388e+00 6.99965790e-02 5.06917932e-01)	(9.41459120e-03 6.46282864e-03 4.33769547e-02)
302             	(-2.34320330e+00 7.64370375e-02 5.50430832e-01)	(-2.35261028e+00 6.99524412e-02 5.06944106e-01)	(9.40697832e-03 6.48459622e-03 4.34867264e-02)
303             	(-2.34324584e+00 7.64154443e-02 5.50565580e-01)	(-2.35264587e+00 6.99088947e-02 5.06969999e-01)	(9.40002746e-03 6.50654956e-03 4.35955810e-02)
304             	(-2.34328799e+00 7.63945667e-02 5.50699735e-01)	(-2.35268150e+00 6.98658805e-02 5.06995835e-01)	(9.39350372e-03 6.52868613e-03 4.37039000e-02)
305             	(-2.34332814e+00 7.63738946e-02 5.50831977e-01)	(-2.35271567e+00 6.98232310e-02 5.07020442e-01)	(9.38752266e-03 6.55066360e-03 4.38115350e-02)
306             	(-2.34336830e+00 7.63538849e-02 5.50963207e-01)	(-2.35275018e+00 6.97810285e-02 5.07044838e-01)	(9.38188452e-03 6.57285639e-03 4.39183686e-02)
307             	(-2.34340681e+00 7.63339867e-02 5.51092317e-01)	(-2.35278370e+00 6.97391069e-02 5.07068219e-01)	(9.37689472e-03 6.59487987e-03 4.40240980e-02)
308             	(-2.34344457e+00 7.63140294e-02 5.51220264e-01)	(-2.35281693e+00 6.96973847e-02 5.07091338e-01)	(9.37236191e-03 6.61664468e-03 4.41289255e-02)
309             	(-2.34348093e+00 7.62942423e-02 5.51347016e-01)	(-2.35284934e+00 6.96560182e-02 5.07114365e-01)	(9.36840587e-03 6.63822411e-03 4.42326510e-02)
310             	(-2.34351640e+00 7.62749693e-02 5.51472922e-01)	(-2.35288132e+00 6.96151605e-02 5.07137585e-01)	(9.36491899e-03 6.65980880e-03 4.43353369e-02)
311             	(-2.34355107e+00 7.62560333e-02 5.51597980e-01)	(-2.35291303e+00 6.95750236e-02 5.07161058e-01)	(9.36195974e-03 6.68100969e-03 4.44369212e-02)
312             	(-2.34358420e+00 7.62373525e-02 5.51721617e-01)	(-2.35294366e+00 6.95353149e-02 5.07183838e-01)	(9.35945370e-03 6.70203757e-03 4.45377796e-02)
313             	(-2.34361615e+00 7.62187407e-02 5.51843031e-01)	(-2.35297370e+00 6.94960089e-02 5.07206161e-01)	(9.35755587e-03 6.72273179e-03 4.46368701e-02)
314             	(-2.34364834e+00 7.62006967e-02 5.51964184e-01)	(-2.35300428e+00 6.94571851e-02 5.07229045e-01)	(9.35594080e-03 6.74351163e-03 4.47351393e-02)
315             	(-2.34367929e+00 7.61829947e-02 5.52084177e-01)	(-2.35303415e+00 6.94187634e-02 5.07251928e-01)	(9.35486265e-03 6.76423132e-03 4.48322495e-02)
316             	(-2.34370886e+00 7.61651396e-02 5.52202255e-01)	(-2.35306309e+00 6.93806380e-02 5.07274442e-01)	(9.35423785e-03 6.78450158e-03 4.49278132e-02)
317             	(-2.34373793e+00 7.61479988e-02 5.52320059e-01)	(-2.35309204e+00 6.93430990e-02 5.07297406e-01)	(9.35410970e-03 6.80489982e-03 4.50226528e-02)
318             	(-2.34376522e+00 7.61312661e-02 5.52436061e-01)	(-2.35311967e+00 6.93059102e-02 5.07319709e-01)	(9.35444790e-03 6.82535588e-03 4.51163519e-02)
319             	(-2.34379211e+00 7.61149765e-02 5.52551489e-01)	(-2.35314735e+00 6.92692363e-02 5.07342372e-01)	(9.35524698e-03 6.84574019e-03 4.52091161e-02)
320             	(-2.34381772e+00 7.60987344e-02 5.52665660e-01)	(-2.35317422e+00 6.92328591e-02 5.07364662e-01)	(9.35649858e-03 6.86587531e-03 4.53009973e-02)
321             	(-2.34384320e+00 7.60828895e-02 5.52779203e-01)	(-2.35320141e+00 6.91969695e-02 5.07387418e-01)	(9.35821444e-03 6.88592005e-03 4.53917850e-02)
322             	(-2.34386689e+00 7.60665113e-02 5.52890429e-01)	(-2.35322732e+00 6.91611929e-02 5.07409388e-01)	(9.36042809e-03 6.90531840e-03 4.54810410e-02)
323             	(-2.34389077e+00 7.60507873e-02 5.53001775e-01)	(-2.35325383e+00 6.91259100e-02 5.07432190e-01)	(9.36306385e-03 6.92487735e-03 4.55695851e-02)
324             	(-2.34391322e+00 7.60349651e-02 5.53111868e-01)	(-2.35327944e+00 6.90909073e-02 5.07454693e-01)	(9.36622532e-03 6.94405778e-03 4.56571756e-02)
325             	(-2.34393566e+00 7.60194923e-02 5.53221702e-01)	(-2.35330543e+00 6.90564900e-02 5.07477876e-01)	(9.36976615e-03 6.96300229e-03 4.57438256e-02)
326             	(-2.34395579e+00 7.60041553e-02 5.53329529e-01)	(-2.35332951e+00 6.90223179e-02 5.07500008e-01)	(9.37372298e-03 6.98183746e-03 4.58295215e-02)
327             	(-2.34397626e+00 7.59893683e-02 5.53437374e-01)	(-2.35335426e+00 6.89887068e-02 5.07522873e-01)	(9.37799455e-03 7.00066146e-03 4.59145012e-02)
328             	(-2.34399529e+00 7.59747640e-02 5.53543689e-01)	(-2.35337805e+00 6.89553779e-02 5.07545099e-01)	(9.38276024e-03 7.01938601e-03 4.59985901e-02)
329             	(-2.34401455e+00 7.59603743e-02 5.53649382e-01)	(-2.35340247e+00 6.89224126e-02 5.07567764e-01)	(9.38791681e-03 7.03796168e-03 4.60816182e-02)
330             	(-2.34403222e+00 7.59457270e-02 5.53753106e-01)	(-2.35342570e+00 6.88894703e-02 5.07589510e-01)	(9.39348649e-03 7.05625672e-03 4.61635955e-02)
331             	(-2.34405013e+00 7.59313336e-02 5.53856295e-01)	(-2.35344953e+00 6.88568641e-02 5.07611889e-01)	(9.39939942e-03 7.07446951e-03 4.62444060e-02)
332             	(-2.34406670e+00 7.59167520e-02 5.53958011e-01)	(-2.35347244e+00 6.88244925e-02 5.07634019e-01)	(9.40574096e-03 7.09225951e-03 4.63239912e-02)
333             	(-2.34408322e+00 7.59024313e-02 5.54059583e-01)	(-2.35349568e+00 6.87926166e-02 5.07656933e-01)	(9.41246226e-03 7.10981468e-03 4.64026497e-02)
334             	(-2.34409812e+00 7.58881401e-02 5.54159680e-01)	(-2.35351778e+00 6.87609973e-02 5.07679379e-01)	(9.41965699e-03 7.12714275e-03 4.64803013e-02)
335             	(-2.34411287e+00 7.58743262e-02 5.54258920e-01)	(-2.35354002e+00 6.87297587e-02 5.07702186e-01)	(9.42715073e-03 7.14456743e-03 4.65567342e-02)
336             	(-2.34412680e+00 7.58605802e-02 5.54356970e-01)	(-2.35356189e+00 6.86987773e-02 5.07725076e-01)	(9.43508828e-03 7.16180290e-03 4.66318941e-02)
337             	(-2.34414071e+00 7.58471949e-02 5.54454658e-01)	(-2.35358413e+00 6.86682004e-02 5.07748894e-01)	(9.44342556e-03 7.17899447e-03 4.67057641e-02)
338             	(-2.34415354e+00 7.58342015e-02 5.54551643e-01)	(-2.35360568e+00 6.86378588e-02 5.07772970e-01)	(9.45213892e-03 7.19634265e-03 4.67786723e-02)
339             	(-2.34416537e+00 7.58213740e-02 5.54647469e-01)	(-2.35362651e+00 6.86076976e-02 5.07797205e-01)	(9.46114295e-03 7.21367634e-03 4.68502641e-02)
340             	(-2.34417637e+00 7.58084268e-02 5.54742701e-01)	(-2.35364690e+00 6.85776679e-02 5.07821656e-01)	(9.47052570e-03 7.23075888e-03 4.69210453e-02)
341             	(-2.34418776e+00 7.57959006e-02 5.54837718e-01)	(-2.35366798e+00 6.85480213e-02 5.07846926e-01)	(9.48021552e-03 7.24787933e-03 4.69907924e-02)
342             	(-2.34419822e+00 7.57836967e-02 5.54931783e-01)	(-2.35368849e+00 6.85186141e-02 5.07871952e-01)	(9.49027289e-03 7.26508266e-03 4.70598303e-02)
343             	(-2.34420809e+00 7.57718514e-02 5.55024988e-01)	(-2.35370870e+00 6.84895354e-02 5.07896828e-01)	(9.50061403e-03 7.28231604e-03 4.71281607e-02)
344             	(-2.34421713e+00 7.57602005e-02 5.55116909e-01)	(-2.35372842e+00 6.84607272e-02 5.07921347e-01)	(9.51129173e-03 7.29947336e-03 4.71955620e-02)
345             	(-2.34422615e+00 7.57488466e-02 5.55208017e-01)	(-2.35374840e+00 6.84322435e-02 5.07946146e-01)	(9.52224858e-03 7.31660311e-03 4.72618704e-02)
346             	(-2.34423445e+00 7.57378206e-02 5.55298067e-01)	(-2.35376796e+00 6.84039687e-02 5.07971005e-01)	(9.53351545e-03 7.33385189e-03 4.73270628e-02)
347             	(-2.34424194e+00 7.57269070e-02 5.55387603e-01)	(-2.35378698e+00 6.83758021e-02 5.07995991e-01)	(9.54503802e-03 7.35110493e-03 4.73916127e-02)
348             	(-2.34424909e+00 7.57162367e-02 5.55476741e-01)	(-2.35380592e+00 6.83477587e-02 5.08021335e-01)	(9.55682325e-03 7.36847800e-03 4.74554061e-02)
349             	(-2.34425511e+00 7.57056428e-02 5.55564574e-01)	(-2.35382406e+00 6.83197671e-02 5.08046284e-01)	(9.56895635e-03 7.38587578e-03 4.75182905e-02)
350             	(-2.34426173e+00 7.56954537e-02 5.55652366e-01)	(-2.35384306e+00 6.82921107e-02 5.08072025e-01)	(9.58132815e-03 7.40334300e-03 4.75803419e-02)
351             	(-2.34426661e+00 7.56856335e-02 5.55738126e-01)	(-2.35386070e+00 6.82645974e-02 5.08097004e-01)	(9.59408509e-03 7.42103614e-03 4.76411223e-02)
352             	(-2.34427242e+00 7.56761917e-02 5.55824198e-01)	(-2.35387948e+00 6.82374525e-02 5.08123263e-01)	(9.60705258e-03 7.43873924e-03 4.77009356e-02)
353             	(-2.34427607e+00 7.56668680e-02 5.55907801e-01)	(-2.35389649e+00 6.82103739e-02 5.08148818e-01)	(9.62042165e-03 7.45649409e-03 4.77589830e-02)
354             	(-2.34428112e+00 7.56579482e-02 5.55992018e-01)	(-2.35391498e+00 6.81837338e-02 5.08176239e-01)	(9.63385251e-03 7.47421435e-03 4.78157796e-02)
355             	(-2.34428365e+00 7.56490204e-02 5.56073633e-01)	(-2.35393143e+00 6.81572345e-02 5.08202982e-01)	(9.64777516e-03 7.49178587e-03 4.78706507e-02)
356             	(-2.34428759e+00 7.56410296e-02 5.56156113e-01)	(-2.35394942e+00 6.81311642e-02 5.08231603e-01)	(9.66182249e-03 7.50986537e-03 4.79245098e-02)
357             	(-2.34428907e+00 7.56333616e-02 5.56236151e-01)	(-2.35396543e+00 6.81049847e-02 5.08259390e-01)	(9.67636500e-03 7.52837694e-03 4.79767612e-02)
358             	(-2.34429231e+00 7.56259958e-02 5.56316756e-01)	(-2.35398334e+00 6.80789800e-02 5.08289078e-01)	(9.69102503e-03 7.54701587e-03 4.80276784e-02)
359             	(-2.34429316e+00 7.56185467e-02 5.56395321e-01)	(-2.35399931e+00 6.80528094e-02 5.08317912e-01)	(9.70614899e-03 7.56573728e-03 4.80774082e-02)
360             	(-2.34429538e+00 7.56118352e-02 5.56473996e-01)	(-2.35401678e+00 6.80269532e-02 5.08348299e-01)	(9.72139890e-03 7.58488206e-03 4.81256965e-02)
361             	(-2.34429515e+00 7.56056364e-02 5.56550167e-01)	(-2.35403227e+00 6.80011364e-02 5.08377823e-01)	(9.73712671e-03 7.60450008e-03 4.81723443e-02)
362             	(-2.34429625e+00 7.56000870e-02 5.56627062e-01)	(-2.35404917e+00 6.79757239e-02 5.08409023e-01)	(9.75291229e-03 7.62436306e-03 4.82180389e-02)
363             	(-2.34429538e+00 7.55946947e-02 5.56701954e-01)	(-2.35406447e+00 6.79503818e-02 5.08439606e-01)	(9.76909427e-03 7.64431292e-03 4.82623473e-02)
364             	(-2.34429580e+00 7.55899329e-02 5.56777235e-01)	(-2.35408109e+00 6.79253956e-02 5.08471635e-01)	(9.78529371e-03 7.66453731e-03 4.83056004e-02)
365             	(-2.34429432e+00 7.55853556e-02 5.56850859e-01)	(-2.35409622e+00 6.79004799e-02 5.08503012e-01)	(9.80189702e-03 7.68487569e-03 4.83478472e-02)
366             	(-2.34429366e+00 7.55810806e-02 5.56924559e-01)	(-2.35411221e+00 6.78757789e-02 5.08535303e-01)	(9.81854699e-03 7.70530173e-03 4.83892555e-02)
367             	(-2.34429162e+00 7.55770272e-02 5.56996903e-01)	(-2.35412708e+00 6.78511470e-02 5.08567018e-01)	(9.83545905e-03 7.72588019e-03 4.84298846e-02)
368             	(-2.34428945e+00 7.55736107e-02 5.57068718e-01)	(-2.35414196e+00 6.78266489e-02 5.08598806e-01)	(9.85250954e-03 7.74696179e-03 4.84699118e-02)
369             	(-2.34428652e+00 7.55705231e-02 5.57139332e-01)	(-2.35415631e+00 6.78023297e-02 5.08630259e-01)	(9.86979130e-03 7.76819349e-03 4.85090734e-02)
370             	(-2.34428382e+00 7.55678493e-02 5.57209448e-01)	(-2.35417111e+00 6.77783096e-02 5.08662094e-01)	(9.88728564e-03 7.78953976e-03 4.85473539e-02)
371             	(-2.34428070e+00 7.55656589e-02 5.57278740e-01)	(-2.35418576e+00 6.77546012e-02 5.08694075e-01)	(9.90505387e-03 7.81105775e-03 4.85846646e-02)
372             	(-2.34427709e+00 7.55641130e-02 5.57347030e-01)	(-2.35420014e+00 6.77310890e-02 5.08726242e-01)	(9.92304825e-03 7.83302398e-03 4.86207881e-02)
373             	(-2.34427279e+00 7.55629403e-02 5.57414838e-01)	(-2.35421404e+00 6.77076749e-02 5.08758592e-01)	(9.94125245e-03 7.85526540e-03 4.86562451e-02)
374             	(-2.34426854e+00 7.55620129e-02 5.57482539e-01)	(-2.35422812e+00 6.76842761e-02 5.08791288e-01)	(9.95958640e-03 7.87773682e-03 4.86912507e-02)
375             	(-2.34426402e+00 7.55615528e-02 5.57549274e-01)	(-2.35424213e+00 6.76609726e-02 5.08823890e-01)	(9.97810841e-03 7.90058017e-03 4.87253844e-02)
376             	(-2.34425923e+00 7.55615305e-02 5.57615157e-01)	(-2.35425609e+00 6.76378401e-02 5.08856358e-01)	(9.99685827e-03 7.92369039e-03 4.87587989e-02)
377             	(-2.34425396e+00 7.55620570e-02 5.57680228e-01)	(-2.35426971e+00 6.76150180e-02 5.08888685e-01)	(1.00157473e-02 7.94703896e-03 4.87915432e-02)
378             	(-2.34424843e+00 7.55632117e-02 5.57744863e-01)	(-2.35428325e+00 6.75925189e-02 5.08921125e-01)	(1.00348284e-02 7.97069277e-03 4.88237379e-02)
379             	(-2.34424223e+00 7.55648668e-02 5.57809018e-01)	(-2.35429633e+00 6.75703017e-02 5.08953363e-01)	(1.00541043e-02 7.99456502e-03 4.88556550e-02)
380             	(-2.34423565e+00 7.55668485e-02 5.57872451e-01)	(-2.35430922e+00 6.75482501e-02 5.08985270e-01)	(1.00735685e-02 8.01859845e-03 4.88871813e-02)
381             	(-2.34422862e+00 7.55691759e-02 5.57934925e-01)	(-2.35432185e+00 6.75263652e-02 5.09016725e-01)	(1.00932303e-02 8.04281068e-03 4.89182001e-02)
382             	(-2.34422142e+00 7.55720179e-02 5.57996848e-01)	(-2.35433450e+00 6.75046475e-02 5.09047947e-01)	(1.01130808e-02 8.06737045e-03 4.89489020e-02)
383             	(-2.34421372e+00 7.55753068e-02 5.58058129e-01)	(-2.35434682e+00 6.74830781e-02 5.09078865e-01)	(1.01331007e-02 8.09222873e-03 4.89792637e-02)
384             	(-2.34420584e+00 7.55788377e-02 5.58119080e-01)	(-2.35435907e+00 6.74616645e-02 5.09109647e-01)	(1.01532331e-02 8.11717323e-03 4.90094326e-02)
385             	(-2.34419771e+00 7.55827464e-02 5.58179848e-01)	(-2.35437126e+00 6.74405293e-02 5.09140299e-01)	(1.01735553e-02 8.14221703e-03 4.90395495e-02)
386             	(-2.34418943e+00 7.55870429e-02 5.58240005e-01)	(-2.35438349e+00 6.74196605e-02 5.09170708e-01)	(1.01940549e-02 8.16738243e-03 4.90692979e-02)
387             	(-2.34418053e+00 7.55917735e-02 5.58299266e-01)	(-2.35439520e+00 6.73990229e-02 5.09200521e-01)	(1.02146737e-02 8.19275061e-03 4.90987456e-02)
388             	(-2.34417121e+00 7.55970109e-02 5.58357815e-01)	(-2.35440667e+00 6.73785504e-02 5.09229861e-01)	(1.02354618e-02 8.21846059e-03 4.91279536e-02)
389             	(-2.34416187e+00 7.56026742e-02 5.58415966e-01)	(-2.35441826e+00 6.73582223e-02 5.09258945e-01)	(1.02563848e-02 8.24445193e-03 4.91570207e-02)
390             	(-2.34415249e+00 7.56086196e-02 5.58473423e-01)	(-2.35442999e+00 6.73379247e-02 5.09287711e-01)	(1.02775087e-02 8.27069492e-03 4.91857125e-02)
391             	(-2.34414245e+00 7.56147755e-02 5.58529894e-01)	(-2.35444124e+00 6.73175836e-02 5.09315814e-01)	(1.02987886e-02 8.29719198e-03 4.92140797e-02)
392             	(-2.34413219e+00 7.56212441e-02 5.58585915e-01)	(-2.35445241e+00 6.72973769e-02 5.09343666e-01)	(1.03202179e-02 8.32386720e-03 4.92422482e-02)
393             	(-2.34412162e+00 7.56280863e-02 5.58641508e-01)	(-2.35446332e+00 6.72774458e-02 5.09371207e-01)	(1.03417007e-02 8.35064051e-03 4.92703012e-02)
394             	(-2.34411079e+00 7.56354901e-02 5.58696555e-01)	(-2.35447410e+00 6.72579023e-02 5.09398424e-01)	(1.03633151e-02 8.37758782e-03 4.92981311e-02)
395             	(-2.34409952e+00 7.56434141e-02 5.58750966e-01)	(-2.35448456e+00 6.72386772e-02 5.09425161e-01)	(1.03850477e-02 8.40473694e-03 4.93258043e-02)
396             	(-2.34408805e+00 7.56516329e-02 5.58804975e-01)	(-2.35449499e+00 6.72196521e-02 5.09451567e-01)	(1.04069445e-02 8.43198078e-03 4.93534072e-02)
397             	(-2.34407623e+00 7.56602107e-02 5.58858164e-01)	(-2.35450519e+00 6.72007240e-02 5.09477459e-01)	(1.04289636e-02 8.45948669e-03 4.93807051e-02)
398             	(-2.34406442e+00 7.56689414e-02 5.58910895e-01)	(-2.35451547e+00 6.71818465e-02 5.09503062e-01)	(1.04510441e-02 8.48709490e-03 4.94078327e-02)
399             	(-2.34405209e+00 7.56776831e-02 5.58962964e-01)	(-2.35452533e+00 6.71630050e-02 5.09528156e-01)	(1.04732428e-02 8.51467813e-03 4.94348073e-02)
400             	(-2.34403964e+00 7.56866461e-02 5.59014872e-01)	(-2.35453521e+00 6.71444242e-02 5.09553106e-01)	(1.04955759e-02 8.54222187e-03 4.94617662e-02)
401             	(-2.34402661e+00 7.56961217e-02 5.59065975e-01)	(-2.35454469e+00 6.71262307e-02 5.09577486e-01)	(1.05180793e-02 8.56989101e-03 4.94884894e-02)
402             	(-2.34401349e+00 7.57063434e-02 5.59116266e-01)	(-2.35455423e+00 6.71084204e-02 5.09601496e-01)	(1.05407358e-02 8.59792301e-03 4.95147702e-02)
403             	(-2.34399995e+00 7.57172465e-02 5.59165642e-01)	(-2.35456348e+00 6.70908141e-02 5.09624976e-01)	(1.05635221e-02 8.62643238e-03 4.95406658e-02)
404             	(-2.34398634e+00 7.57284028e-02 5.59214745e-01)	(-2.35457276e+00 6.70732939e-02 5.09648270e-01)	(1.05864266e-02 8.65510888e-03 4.95664745e-02)
405             	(-2.34397244e+00 7.57397374e-02 5.59263350e-01)	(-2.35458187e+00 6.70558290e-02 5.09671207e-01)	(1.06094220e-02 8.68390836e-03 4.95921429e-02)
406             	(-2.34395838e+00 7.57512378e-02 5.59311618e-01)	(-2.35459091e+00 6.70385121e-02 5.09693772e-01)	(1.06325257e-02 8.71272569e-03 4.96178460e-02)
407             	(-2.34394393e+00 7.57630900e-02 5.59359243e-01)	(-2.35459971e+00 6.70214699e-02 5.09715698e-01)	(1.06557774e-02 8.74162013e-03 4.96435455e-02)
408             	(-2.34392924e+00 7.57753911e-02 5.59406346e-01)	(-2.35460842e+00 6.70048038e-02 5.09737021e-01)	(1.06791794e-02 8.77058731e-03 4.96693255e-02)
409             	(-2.34391437e+00 7.57882711e-02 5.59452936e-01)	(-2.35461705e+00 6.69884834e-02 5.09757838e-01)	(1.07026824e-02 8.79978762e-03 4.96950978e-02)
410             	(-2.34389927e+00 7.58013533e-02 5.59499028e-01)	(-2.35462562e+00 6.69722913e-02 5.09778210e-01)	(1.07263550e-02 8.82906200e-03 4.97208178e-02)
411             	(-2.34388392e+00 7.58146428e-02 5.59544541e-01)	(-2.35463406e+00 6.69561178e-02 5.09798126e-01)	(1.07501372e-02 8.85852500e-03 4.97464144e-02)
412             	(-2.34386834e+00 7.58281049e-02 5.59589639e-01)	(-2.35464240e+00 6.69399707e-02 5.09817631e-01)	(1.07740570e-02 8.88813417e-03 4.97720080e-02)
413             	(-2.34385262e+00 7.58417846e-02 5.59634449e-01)	(-2.35465069e+00 6.69239522e-02 5.09836745e-01)	(1.07980657e-02 8.91783246e-03 4.97977038e-02)
414             	(-2.34383662e+00 7.58556155e-02 5.59678833e-01)	(-2.35465880e+00 6.69081562e-02 5.09855335e-01)	(1.08221805e-02 8.94745928e-03 4.98234989e-02)
415             	(-2.34382055e+00 7.58696146e-02 5.59722738e-01)	(-2.35466676e+00 6.68926324e-02 5.09873401e-01)	(1.08462099e-02 8.97698224e-03 4.98493374e-02)
416             	(-2.34380405e+00 7.58841607e-02 5.59765944e-01)	(-2.35467444e+00 6.68774678e-02 5.09890843e-01)	(1.08703988e-02 9.00669286e-03 4.98751018e-02)
417             	(-2.34378758e+00 7.58991563e-02 5.59808909e-01)	(-2.35468225e+00 6.68626258e-02 5.09907971e-01)	(1.08946730e-02 9.03653051e-03 4.99009385e-02)
418             	(-2.34377076e+00 7.59142274e-02 5.59851303e-01)	(-2.35468983e+00 6.68479288e-02 5.09924510e-01)	(1.09190730e-02 9.06629864e-03 4.99267928e-02)
419             	(-2.34375399e+00 7.59294551e-02 5.59893422e-01)	(-2.35469745e+00 6.68333644e-02 5.09940691e-01)	(1.09434570e-02 9.09609066e-03 4.99527305e-02)
420             	(-2.34373670e+00 7.59448895e-02 5.59934868e-01)	(-2.35470468e+00 6.68189419e-02 5.09956179e-01)	(1.09679848e-02 9.12594756e-03 4.99786890e-02)
421             	(-2.34371952e+00 7.59606026e-02 5.59976204e-01)	(-2.35471208e+00 6.68047627e-02 5.09971403e-01)	(1.09925632e-02 9.15583988e-03 5.00048009e-02)
422             	(-2.34370185e+00 7.59764347e-02 5.60016836e-01)	(-2.35471907e+00 6.67907686e-02 5.09985906e-01)	(1.10172203e-02 9.18566614e-03 5.00309307e-02)
423             	(-2.34368436e+00 7.59925967e-02 5.60057355e-01)	(-2.35472623e+00 6.67770870e-02 5.10000136e-01)	(1.10418758e-02 9.21550970e-03 5.00572188e-02)
424             	(-2.34366625e+00 7.60090156e-02 5.60097105e-01)	(-2.35473292e+00 6.67636740e-02 5.10013589e-01)	(1.10666707e-02 9.24534161e-03 5.00835163e-02)
425             	(-2.34364839e+00 7.60258062e-02 5.60136765e-01)	(-2.35473987e+00 6.67505772e-02 5.10026813e-01)	(1.10914749e-02 9.27522897e-03 5.01099525e-02)
426             	(-2.34362997e+00 7.60428063e-02 5.60175702e-01)	(-2.35474640e+00 6.67376985e-02 5.10039306e-01)	(1.11164336e-02 9.30510783e-03 5.01363957e-02)
427             	(-2.34361185e+00 7.60600739e-02 5.60214576e-01)	(-2.35475324e+00 6.67250521e-02 5.10051561e-01)	(1.11413909e-02 9.33502176e-03 5.01630147e-02)
428             	(-2.34359320e+00 7.60774701e-02 5.60252674e-01)	(-2.35475967e+00 6.67125717e-02 5.10063011e-01)	(1.11664718e-02 9.36489838e-03 5.01896632e-02)
429             	(-2.34357474e+00 7.60952056e-02 5.60290677e-01)	(-2.35476633e+00 6.67003489e-02 5.10074205e-01)	(1.11915890e-02 9.39485665e-03 5.02164724e-02)
430             	(-2.34355567e+00 7.61130849e-02 5.60328038e-01)	(-2.35477254e+00 6.66882774e-02 5.10084719e-01)	(1.12168735e-02 9.42480751e-03 5.02433188e-02)
431             	(-2.34353679e+00 7.61312050e-02 5.60365423e-01)	(-2.35477897e+00 6.66763862e-02 5.10095114e-01)	(1.12421837e-02 9.45481882e-03 5.02703095e-02)
432             	(-2.34351723e+00 7.61494592e-02 5.60402134e-01)	(-2.35478489e+00 6.66646149e-02 5.10104854e-01)	(1.12676588e-02 9.48484431e-03 5.02972804e-02)
433             	(-2.34349785e+00 7.61679245e-02 5.60438857e-01)	(-2.35479098e+00 6.66530442e-02 5.10114439e-01)	(1.12931259e-02 9.51488025e-03 5.03244174e-02)
