# Force         
# CofR          : (0.00000000e+00 0.00000000e+00 0.00000000e+00)
#
# Time          	(total_x total_y total_z)	(pressure_x pressure_y pressure_z)	(viscous_x viscous_y viscous_z)
1               	(7.11269734e-02 3.15644364e+00 -9.91124378e-02)	(7.08986295e-02 3.15412317e+00 -9.86061087e-02)	(2.28343923e-04 2.32047696e-03 -5.06329095e-04)
2               	(6.69605634e-02 4.34477657e+00 -1.56135291e-01)	(6.66211003e-02 4.34080848e+00 -1.55375773e-01)	(3.39463118e-04 3.96809108e-03 -7.59517249e-04)
3               	(5.49802542e-02 4.68004736e+00 -1.80479311e-01)	(5.43302537e-02 4.67582777e+00 -1.79764294e-01)	(6.50000498e-04 4.21959260e-03 -7.15016622e-04)
4               	(1.74418575e-02 4.18296171e+00 -1.73612147e-01)	(1.65779949e-02 4.17927556e+00 -1.73060572e-01)	(8.63862551e-04 3.68614744e-03 -5.51575257e-04)
5               	(-1.98672796e-02 3.47998347e+00 -1.54204506e-01)	(-2.08910844e-02 3.47696584e+00 -1.53824723e-01)	(1.02380482e-03 3.01763182e-03 -3.79782553e-04)
6               	(-2.22699506e-02 3.13731801e+00 -1.37789079e-01)	(-2.34563360e-02 3.13472396e+00 -1.37532041e-01)	(1.18638543e-03 2.59404729e-03 -2.57038666e-04)
7               	(1.54100997e-02 3.28222523e+00 -1.30162855e-01)	(1.40474274e-02 3.27977342e+00 -1.29972137e-01)	(1.36267237e-03 2.45181397e-03 -1.90718269e-04)
8               	(6.27494990e-02 3.65614522e+00 -1.30110115e-01)	(6.12264435e-02 3.65366025e+00 -1.29949053e-01)	(1.52305553e-03 2.48497082e-03 -1.61061506e-04)
9               	(8.36011199e-02 3.92214421e+00 -1.34393286e-01)	(8.19650539e-02 3.91955664e+00 -1.34252271e-01)	(1.63606601e-03 2.58757026e-03 -1.41014898e-04)
10              	(6.68569626e-02 3.92646054e+00 -1.39787852e-01)	(6.51574342e-02 3.92377295e+00 -1.39676598e-01)	(1.69952848e-03 2.68758623e-03 -1.11253849e-04)
11              	(3.12751228e-02 3.74982679e+00 -1.43844209e-01)	(2.95278244e-02 3.74706698e+00 -1.43777653e-01)	(1.74729842e-03 2.75981342e-03 -6.65555494e-05)
12              	(6.00543089e-03 3.57490684e+00 -1.44935055e-01)	(4.19121421e-03 3.57210325e+00 -1.44925050e-01)	(1.81421668e-03 2.80359008e-03 -1.00053953e-05)
13              	(6.64454007e-03 3.52420801e+00 -1.42838842e-01)	(4.73361735e-03 3.52138638e+00 -1.42889262e-01)	(1.91092272e-03 2.82162715e-03 5.04200859e-05)
14              	(2.68286907e-02 3.59387501e+00 -1.39034994e-01)	(2.48094969e-02 3.59106007e+00 -1.39140236e-01)	(2.01919374e-03 2.81494220e-03 1.05242405e-04)
15              	(4.80566704e-02 3.69700415e+00 -1.35613072e-01)	(4.59465223e-02 3.69421741e+00 -1.35755038e-01)	(2.11014808e-03 2.78673311e-03 1.41965692e-04)
16              	(5.57355127e-02 3.75137085e+00 -1.34385169e-01)	(5.35670858e-02 3.74862579e+00 -1.34543414e-01)	(2.16842690e-03 2.74506134e-03 1.58244938e-04)
17              	(4.85730586e-02 3.73529211e+00 -1.35482990e-01)	(4.63729969e-02 3.73259207e+00 -1.35644211e-01)	(2.20006165e-03 2.70003890e-03 1.61221493e-04)
18              	(3.58046293e-02 3.68338573e+00 -1.37615799e-01)	(3.35801279e-02 3.68072605e+00 -1.37771562e-01)	(2.22450140e-03 2.65968188e-03 1.55763022e-04)
19              	(2.78364238e-02 3.64418864e+00 -1.39182343e-01)	(2.55781407e-02 3.64156040e+00 -1.39329103e-01)	(2.25828310e-03 2.62823821e-03 1.46759893e-04)
20              	(2.87905041e-02 3.64170040e+00 -1.39292819e-01)	(2.64851202e-02 3.63909273e+00 -1.39432524e-01)	(2.30538382e-03 2.60767363e-03 1.39704458e-04)
21              	(3.55262667e-02 3.66656653e+00 -1.38078018e-01)	(3.31664348e-02 3.66396862e+00 -1.38217278e-01)	(2.35983186e-03 2.59790876e-03 1.39260121e-04)
22              	(4.19912893e-02 3.69337026e+00 -1.36499222e-01)	(3.95788980e-02 3.69077168e+00 -1.36646252e-01)	(2.41239123e-03 2.59858109e-03 1.47029902e-04)
23              	(4.42321393e-02 3.70362054e+00 -1.35494245e-01)	(4.17694771e-02 3.70101531e+00 -1.35657003e-01)	(2.46266225e-03 2.60523421e-03 1.62757911e-04)
24              	(4.24001682e-02 3.69640643e+00 -1.35382892e-01)	(3.98841458e-02 3.69379529e+00 -1.35566020e-01)	(2.51602235e-03 2.61114416e-03 1.83128677e-04)
25              	(3.93539109e-02 3.68333934e+00 -1.35791787e-01)	(3.67733656e-02 3.68073119e+00 -1.35994550e-01)	(2.58054531e-03 2.60815460e-03 2.02763226e-04)
26              	(3.78820407e-02 3.67642108e+00 -1.36089141e-01)	(3.52160846e-02 3.67383169e+00 -1.36310960e-01)	(2.66595611e-03 2.58939465e-03 2.21819474e-04)
27              	(3.88613641e-02 3.67966010e+00 -1.35830185e-01)	(3.60852171e-02 3.67710890e+00 -1.36073715e-01)	(2.77614700e-03 2.55120055e-03 2.43530569e-04)
28              	(4.12860141e-02 3.68875629e+00 -1.34990056e-01)	(3.83768853e-02 3.68626124e+00 -1.35262085e-01)	(2.90912872e-03 2.49504691e-03 2.72029321e-04)
29              	(4.35549309e-02 3.69669414e+00 -1.33908641e-01)	(4.04959262e-02 3.69427321e+00 -1.34217880e-01)	(3.05900469e-03 2.42092494e-03 3.09239139e-04)
30              	(4.47336707e-02 3.69938788e+00 -1.32972058e-01)	(4.15089780e-02 3.69705909e+00 -1.33329835e-01)	(3.22469273e-03 2.32878373e-03 3.57777019e-04)
31              	(4.49468170e-02 3.69753004e+00 -1.32345257e-01)	(4.15422706e-02 3.69530765e+00 -1.32760657e-01)	(3.40454642e-03 2.22239439e-03 4.15399519e-04)
32              	(4.49513107e-02 3.69459558e+00 -1.31909412e-01)	(4.13428471e-02 3.69249907e+00 -1.32391475e-01)	(3.60846356e-03 2.09650345e-03 4.82062586e-04)
33              	(4.54182738e-02 3.69358184e+00 -1.31398551e-01)	(4.15831470e-02 3.69163165e+00 -1.31951114e-01)	(3.83512680e-03 1.95018753e-03 5.52563188e-04)
34              	(4.65194815e-02 3.69513045e+00 -1.30654792e-01)	(4.24395032e-02 3.69334970e+00 -1.31278952e-01)	(4.07997835e-03 1.78074931e-03 6.24159352e-04)
35              	(4.79831800e-02 3.69787287e+00 -1.29685280e-01)	(4.36419145e-02 3.69628739e+00 -1.30385275e-01)	(4.34126555e-03 1.58548715e-03 6.99994571e-04)
36              	(4.94299803e-02 3.70002149e+00 -1.28639276e-01)	(4.48020873e-02 3.69865824e+00 -1.29424293e-01)	(4.62789305e-03 1.36324840e-03 7.85017614e-04)
37              	(5.06523278e-02 3.70070198e+00 -1.27664930e-01)	(4.57114851e-02 3.69958880e+00 -1.28546195e-01)	(4.94084269e-03 1.11318856e-03 8.81265282e-04)
38              	(5.16919912e-02 3.70024387e+00 -1.26819683e-01)	(4.64225084e-02 3.69940485e+00 -1.27804630e-01)	(5.26948282e-03 8.39021850e-04 9.84947111e-04)
39              	(5.27427200e-02 3.69956189e+00 -1.26057223e-01)	(4.71356291e-02 3.69902282e+00 -1.27150268e-01)	(5.60709092e-03 5.39070005e-04 1.09304459e-03)
40              	(5.39426771e-02 3.69934548e+00 -1.25291072e-01)	(4.80127946e-02 3.69912812e+00 -1.26487658e-01)	(5.92988249e-03 2.17364160e-04 1.19658640e-03)
41              	(5.52994758e-02 3.69964098e+00 -1.24472117e-01)	(4.90639999e-02 3.69976552e+00 -1.25766241e-01)	(6.23547598e-03 -1.24536010e-04 1.29412447e-03)
42              	(5.66829380e-02 3.70001852e+00 -1.23627935e-01)	(5.01851976e-02 3.70050308e+00 -1.25003095e-01)	(6.49774046e-03 -4.84561128e-04 1.37515911e-03)
43              	(5.79727100e-02 3.70001506e+00 -1.22820641e-01)	(5.12722167e-02 3.70086673e+00 -1.24253725e-01)	(6.70049331e-03 -8.51670819e-04 1.43308316e-03)
44              	(5.91184989e-02 3.69948348e+00 -1.22102140e-01)	(5.22866868e-02 3.70070089e+00 -1.23565819e-01)	(6.83181209e-03 -1.21741514e-03 1.46367904e-03)
45              	(6.01757581e-02 3.69860624e+00 -1.21479012e-01)	(5.32605990e-02 3.70018427e+00 -1.22952904e-01)	(6.91515907e-03 -1.57802970e-03 1.47389174e-03)
46              	(6.12072363e-02 3.69769358e+00 -1.20923807e-01)	(5.42438787e-02 3.69962577e+00 -1.22399524e-01)	(6.96335768e-03 -1.93219215e-03 1.47571714e-03)
47              	(6.22333345e-02 3.69695609e+00 -1.20420127e-01)	(5.52512732e-02 3.69923090e+00 -1.21882261e-01)	(6.98206136e-03 -2.27481934e-03 1.46213441e-03)
48              	(6.32394564e-02 3.69639054e+00 -1.19955413e-01)	(5.62625814e-02 3.69899687e+00 -1.21389899e-01)	(6.97687495e-03 -2.60633723e-03 1.43448585e-03)
49              	(6.41731676e-02 3.69584050e+00 -1.19525436e-01)	(5.72122519e-02 3.69877756e+00 -1.20933912e-01)	(6.96091570e-03 -2.93705806e-03 1.40847640e-03)
50              	(6.49416718e-02 3.69516702e+00 -1.19164269e-01)	(5.79996893e-02 3.69843824e+00 -1.20549032e-01)	(6.94198245e-03 -3.27122211e-03 1.38476338e-03)
51              	(6.55074949e-02 3.69434427e+00 -1.18888516e-01)	(5.85846887e-02 3.69795029e+00 -1.20255853e-01)	(6.92280622e-03 -3.60602278e-03 1.36733678e-03)
52              	(6.59179008e-02 3.69343280e+00 -1.18675505e-01)	(5.90121822e-02 3.69738495e+00 -1.20037297e-01)	(6.90571863e-03 -3.95214152e-03 1.36179214e-03)
53              	(6.62563200e-02 3.69253695e+00 -1.18490678e-01)	(5.93619642e-02 3.69684829e+00 -1.19856008e-01)	(6.89435579e-03 -4.31134101e-03 1.36532956e-03)
54              	(6.65787472e-02 3.69171521e+00 -1.18315018e-01)	(5.96910631e-02 3.69640138e+00 -1.19683353e-01)	(6.88768410e-03 -4.68616891e-03 1.36833415e-03)
55              	(6.69013771e-02 3.69096821e+00 -1.18147201e-01)	(6.00124891e-02 3.69604169e+00 -1.19516005e-01)	(6.88888807e-03 -5.07347791e-03 1.36880344e-03)
56              	(6.72056931e-02 3.69025604e+00 -1.17978760e-01)	(6.03085086e-02 3.69572187e+00 -1.19364145e-01)	(6.89718447e-03 -5.46582716e-03 1.38538512e-03)
57              	(6.74614583e-02 3.68953885e+00 -1.17827850e-01)	(6.05553890e-02 3.69539800e+00 -1.19239883e-01)	(6.90606927e-03 -5.85914634e-03 1.41203281e-03)
58              	(6.76632877e-02 3.68879581e+00 -1.17703206e-01)	(6.07480224e-02 3.69505620e+00 -1.19144906e-01)	(6.91526536e-03 -6.26038905e-03 1.44169963e-03)
59              	(6.78307658e-02 3.68803222e+00 -1.17595250e-01)	(6.08975761e-02 3.69471346e+00 -1.19067855e-01)	(6.93318966e-03 -6.68123823e-03 1.47260491e-03)
60              	(6.79824046e-02 3.68727450e+00 -1.17484994e-01)	(6.10202879e-02 3.69439680e+00 -1.18996729e-01)	(6.96211670e-03 -7.12229515e-03 1.51173447e-03)
61              	(6.81120600e-02 3.68653615e+00 -1.17385537e-01)	(6.11295471e-02 3.69411382e+00 -1.18929058e-01)	(6.98251282e-03 -7.57766766e-03 1.54352057e-03)
62              	(6.82288478e-02 3.68580696e+00 -1.17301958e-01)	(6.12380330e-02 3.69385482e+00 -1.18867593e-01)	(6.99081472e-03 -8.04786101e-03 1.56563532e-03)
63              	(6.83369349e-02 3.68507746e+00 -1.17237556e-01)	(6.13489427e-02 3.69360643e+00 -1.18811184e-01)	(6.98799218e-03 -8.52897072e-03 1.57362851e-03)
64              	(6.84262780e-02 3.68434433e+00 -1.17178492e-01)	(6.14628882e-02 3.69335854e+00 -1.18753358e-01)	(6.96338985e-03 -9.01421394e-03 1.57486577e-03)
65              	(6.84852464e-02 3.68361635e+00 -1.17133744e-01)	(6.15834806e-02 3.69311033e+00 -1.18687561e-01)	(6.90176579e-03 -9.49398084e-03 1.55381712e-03)
66              	(6.85403964e-02 3.68289503e+00 -1.17081435e-01)	(6.17240905e-02 3.69286629e+00 -1.18605157e-01)	(6.81630592e-03 -9.97126060e-03 1.52372243e-03)
67              	(6.86124070e-02 3.68219098e+00 -1.17022054e-01)	(6.18948966e-02 3.69263485e+00 -1.18503076e-01)	(6.71751048e-03 -1.04438783e-02 1.48102232e-03)
68              	(6.87029872e-02 3.68150936e+00 -1.16952171e-01)	(6.20895387e-02 3.69242210e+00 -1.18384192e-01)	(6.61344847e-03 -1.09127408e-02 1.43202115e-03)
69              	(6.87976309e-02 3.68085099e+00 -1.16872230e-01)	(6.22913936e-02 3.69222794e+00 -1.18253973e-01)	(6.50623726e-03 -1.13769496e-02 1.38174256e-03)
70              	(6.88850257e-02 3.68021128e+00 -1.16785613e-01)	(6.24881875e-02 3.69204634e+00 -1.18116642e-01)	(6.39683816e-03 -1.18350612e-02 1.33102917e-03)
71              	(6.89610546e-02 3.67958407e+00 -1.16701491e-01)	(6.26756947e-02 3.69187054e+00 -1.17975694e-01)	(6.28535985e-03 -1.22864629e-02 1.27420310e-03)
72              	(6.90272934e-02 3.67896987e+00 -1.16620961e-01)	(6.28569228e-02 3.69169990e+00 -1.17829962e-01)	(6.17037055e-03 -1.27300307e-02 1.20900072e-03)
73              	(6.90897442e-02 3.67837373e+00 -1.16536648e-01)	(6.30366426e-02 3.69153896e+00 -1.17675298e-01)	(6.05310151e-03 -1.31652319e-02 1.13865082e-03)
74              	(6.91567153e-02 3.67779365e+00 -1.16438858e-01)	(6.32194557e-02 3.69139038e+00 -1.17508723e-01)	(5.93725962e-03 -1.35967370e-02 1.06986431e-03)
75              	(6.92265698e-02 3.67723632e+00 -1.16327612e-01)	(6.34034183e-02 3.69125917e+00 -1.17332022e-01)	(5.82315150e-03 -1.40228464e-02 1.00441015e-03)
76              	(6.92956984e-02 3.67670736e+00 -1.16213702e-01)	(6.35869825e-02 3.69114529e+00 -1.17149406e-01)	(5.70871593e-03 -1.44379299e-02 9.35704820e-04)
77              	(6.93633170e-02 3.67620433e+00 -1.16097775e-01)	(6.37685749e-02 3.69104778e+00 -1.16962076e-01)	(5.59474216e-03 -1.48434571e-02 8.64301067e-04)
78              	(6.94259368e-02 3.67572773e+00 -1.15977561e-01)	(6.39462569e-02 3.69096504e+00 -1.16767660e-01)	(5.47967984e-03 -1.52373129e-02 7.90098529e-04)
79              	(6.94841452e-02 3.67527479e+00 -1.15845877e-01)	(6.41201740e-02 3.69089424e+00 -1.16563218e-01)	(5.36397111e-03 -1.56194439e-02 7.17340794e-04)
80              	(6.95416639e-02 3.67484339e+00 -1.15706256e-01)	(6.42926854e-02 3.69083337e+00 -1.16347891e-01)	(5.24897857e-03 -1.59899809e-02 6.41635677e-04)
81              	(6.95987689e-02 3.67443767e+00 -1.15555953e-01)	(6.44654800e-02 3.69078419e+00 -1.16122071e-01)	(5.13328893e-03 -1.63465203e-02 5.66118169e-04)
82              	(6.96585910e-02 3.67405380e+00 -1.15393189e-01)	(6.46392742e-02 3.69074779e+00 -1.15886985e-01)	(5.01931677e-03 -1.66939903e-02 4.93796405e-04)
83              	(6.97195849e-02 3.67369131e+00 -1.15223428e-01)	(6.48124566e-02 3.69072412e+00 -1.15644534e-01)	(4.90712835e-03 -1.70328143e-02 4.21105662e-04)
84              	(6.97797756e-02 3.67334904e+00 -1.15048547e-01)	(6.49830410e-02 3.69071199e+00 -1.15395399e-01)	(4.79673465e-03 -1.73629548e-02 3.46851061e-04)
85              	(6.98361090e-02 3.67303118e+00 -1.14866321e-01)	(6.51495022e-02 3.69071133e+00 -1.15137548e-01)	(4.68660679e-03 -1.76801478e-02 2.71227454e-04)
86              	(6.98903191e-02 3.67273242e+00 -1.14673051e-01)	(6.53125739e-02 3.69071949e+00 -1.14868258e-01)	(4.57774518e-03 -1.79870694e-02 1.95206436e-04)
87              	(6.99430238e-02 3.67245280e+00 -1.14468400e-01)	(6.54736446e-02 3.69073501e+00 -1.14586892e-01)	(4.46937919e-03 -1.82822139e-02 1.18492030e-04)
88              	(6.99947507e-02 3.67219431e+00 -1.14253339e-01)	(6.56336489e-02 3.69075714e+00 -1.14294245e-01)	(4.36110179e-03 -1.85628295e-02 4.09065138e-05)
89              	(7.00471528e-02 3.67195322e+00 -1.14026689e-01)	(6.57930994e-02 3.69078550e+00 -1.13991057e-01)	(4.25405343e-03 -1.88322799e-02 -3.56323491e-05)
90              	(7.00985417e-02 3.67173260e+00 -1.13789986e-01)	(6.59508993e-02 3.69082195e+00 -1.13678223e-01)	(4.14764244e-03 -1.90893502e-02 -1.11763183e-04)
91              	(7.01488349e-02 3.67153439e+00 -1.13541375e-01)	(6.61060319e-02 3.69086736e+00 -1.13355631e-01)	(4.04280293e-03 -1.93329723e-02 -1.85744849e-04)
92              	(7.01985092e-02 3.67135272e+00 -1.13282009e-01)	(6.62584919e-02 3.69091919e+00 -1.13023462e-01)	(3.94001730e-03 -1.95664664e-02 -2.58547201e-04)
93              	(7.02479725e-02 3.67118630e+00 -1.13012438e-01)	(6.64089088e-02 3.69097626e+00 -1.12681446e-01)	(3.83906367e-03 -1.97899546e-02 -3.30991964e-04)
94              	(7.02969053e-02 3.67103786e+00 -1.12731160e-01)	(6.65576245e-02 3.69103860e+00 -1.12329358e-01)	(3.73928074e-03 -2.00007449e-02 -4.01801982e-04)
95              	(7.03453737e-02 3.67090850e+00 -1.12437009e-01)	(6.67050371e-02 3.69110605e+00 -1.11966265e-01)	(3.64033660e-03 -2.01975539e-02 -4.70744625e-04)
96              	(7.03938328e-02 3.67079674e+00 -1.12131500e-01)	(6.68512556e-02 3.69117737e+00 -1.11592261e-01)	(3.54257720e-03 -2.03806355e-02 -5.39238574e-04)
97              	(7.04430374e-02 3.67069751e+00 -1.11814426e-01)	(6.69962706e-02 3.69125115e+00 -1.11207438e-01)	(3.44676685e-03 -2.05536456e-02 -6.06987533e-04)
98              	(7.04920748e-02 3.67061290e+00 -1.11485757e-01)	(6.71392427e-02 3.69132882e+00 -1.10812248e-01)	(3.35283208e-03 -2.07159164e-02 -6.73509026e-04)
99              	(7.05405500e-02 3.67054608e+00 -1.11146022e-01)	(6.72795563e-02 3.69141258e+00 -1.10407525e-01)	(3.26099371e-03 -2.08665020e-02 -7.38497228e-04)
100             	(7.05878755e-02 3.67049912e+00 -1.10796436e-01)	(6.74170813e-02 3.69150306e+00 -1.09993953e-01)	(3.17079418e-03 -2.10039398e-02 -8.02482573e-04)
101             	(7.06348133e-02 3.67047119e+00 -1.10436443e-01)	(6.75523454e-02 3.69160008e+00 -1.09571167e-01)	(3.08246786e-03 -2.11288868e-02 -8.65276366e-04)
102             	(7.06821749e-02 3.67045938e+00 -1.10064048e-01)	(6.76855474e-02 3.69170211e+00 -1.09138877e-01)	(2.99662752e-03 -2.12427352e-02 -9.25170946e-04)
103             	(7.07309709e-02 3.67046200e+00 -1.09679706e-01)	(6.78167849e-02 3.69180854e+00 -1.08697218e-01)	(2.91418595e-03 -2.13465413e-02 -9.82488381e-04)
104             	(7.07807350e-02 3.67048028e+00 -1.09284949e-01)	(6.79460788e-02 3.69191924e+00 -1.08247779e-01)	(2.83465621e-03 -2.14389585e-02 -1.03717025e-03)
105             	(7.08317720e-02 3.67051392e+00 -1.08880300e-01)	(6.80734482e-02 3.69203430e+00 -1.07791610e-01)	(2.75832381e-03 -2.15203779e-02 -1.08868985e-03)
106             	(7.08834596e-02 3.67056343e+00 -1.08467988e-01)	(6.81987822e-02 3.69215454e+00 -1.07329617e-01)	(2.68467735e-03 -2.15911137e-02 -1.13837021e-03)
107             	(7.09354528e-02 3.67063058e+00 -1.08047589e-01)	(6.83220508e-02 3.69228149e+00 -1.06861643e-01)	(2.61340204e-03 -2.16509118e-02 -1.18594685e-03)
108             	(7.09883388e-02 3.67071618e+00 -1.07618761e-01)	(6.84431454e-02 3.69241617e+00 -1.06387892e-01)	(2.54519335e-03 -2.16999889e-02 -1.23086860e-03)
109             	(7.10424329e-02 3.67082209e+00 -1.07181807e-01)	(6.85621768e-02 3.69256031e+00 -1.05908468e-01)	(2.48025609e-03 -2.17382159e-02 -1.27333899e-03)
110             	(7.10972400e-02 3.67094930e+00 -1.06737932e-01)	(6.86791841e-02 3.69271460e+00 -1.05424347e-01)	(2.41805591e-03 -2.17652955e-02 -1.31358468e-03)
111             	(7.11530634e-02 3.67109706e+00 -1.06287161e-01)	(6.87943426e-02 3.69287889e+00 -1.04936136e-01)	(2.35872081e-03 -2.17818279e-02 -1.35102542e-03)
112             	(7.12098031e-02 3.67126438e+00 -1.05831641e-01)	(6.89076707e-02 3.69305193e+00 -1.04445469e-01)	(2.30213246e-03 -2.17875526e-02 -1.38617162e-03)
113             	(7.12669777e-02 3.67145084e+00 -1.05372312e-01)	(6.90190128e-02 3.69323365e+00 -1.03952389e-01)	(2.24796492e-03 -2.17828085e-02 -1.41992244e-03)
114             	(7.13244971e-02 3.67165697e+00 -1.04908681e-01)	(6.91282909e-02 3.69342415e+00 -1.03456659e-01)	(2.19620618e-03 -2.17671810e-02 -1.45202170e-03)
115             	(7.13828844e-02 3.67188266e+00 -1.04440557e-01)	(6.92355811e-02 3.69362414e+00 -1.02958343e-01)	(2.14730332e-03 -2.17414744e-02 -1.48221450e-03)
116             	(7.14417452e-02 3.67212923e+00 -1.03969217e-01)	(6.93406465e-02 3.69383459e+00 -1.02458020e-01)	(2.10109876e-03 -2.17053617e-02 -1.51119701e-03)
117             	(7.15009493e-02 3.67239717e+00 -1.03495427e-01)	(6.94434079e-02 3.69405655e+00 -1.01956563e-01)	(2.05754138e-03 -2.16593759e-02 -1.53886392e-03)
118             	(7.15606939e-02 3.67268646e+00 -1.03019669e-01)	(6.95439586e-02 3.69429026e+00 -1.01454897e-01)	(2.01673533e-03 -2.16037998e-02 -1.56477225e-03)
119             	(7.16210794e-02 3.67299754e+00 -1.02542844e-01)	(6.96424495e-02 3.69453554e+00 -1.00953540e-01)	(1.97862991e-03 -2.15380016e-02 -1.58930375e-03)
120             	(7.16822247e-02 3.67332902e+00 -1.02065617e-01)	(6.97389741e-02 3.69479204e+00 -1.00453234e-01)	(1.94325063e-03 -2.14630225e-02 -1.61238335e-03)
121             	(7.17441979e-02 3.67368120e+00 -1.01588505e-01)	(6.98335298e-02 3.69505970e+00 -9.99543221e-02)	(1.91066809e-03 -2.13785042e-02 -1.63418248e-03)
122             	(7.18070656e-02 3.67405368e+00 -1.01112217e-01)	(6.99260705e-02 3.69533791e+00 -9.94573321e-02)	(1.88099512e-03 -2.12842301e-02 -1.65488494e-03)
123             	(7.18709167e-02 3.67444640e+00 -1.00637246e-01)	(7.00166726e-02 3.69562653e+00 -9.89628944e-02)	(1.85424412e-03 -2.11801265e-02 -1.67435148e-03)
124             	(7.19356729e-02 3.67485781e+00 -1.00164143e-01)	(7.01053570e-02 3.69592517e+00 -9.84715977e-02)	(1.83031591e-03 -2.10673565e-02 -1.69254497e-03)
125             	(7.20010006e-02 3.67528835e+00 -9.96929573e-02)	(7.01919750e-02 3.69623442e+00 -9.79836934e-02)	(1.80902553e-03 -2.09460671e-02 -1.70926391e-03)
126             	(7.20664514e-02 3.67573673e+00 -9.92246540e-02)	(7.02764961e-02 3.69655387e+00 -9.74996960e-02)	(1.78995526e-03 -2.08171452e-02 -1.72495801e-03)
127             	(7.21325657e-02 3.67620425e+00 -9.87597950e-02)	(7.03590376e-02 3.69688335e+00 -9.70200355e-02)	(1.77352818e-03 -2.06790948e-02 -1.73975946e-03)
128             	(7.21994617e-02 3.67668987e+00 -9.82986755e-02)	(7.04397958e-02 3.69722226e+00 -9.65452169e-02)	(1.75966593e-03 -2.05323939e-02 -1.75345859e-03)
129             	(7.22672913e-02 3.67719407e+00 -9.78415536e-02)	(7.05188515e-02 3.69757129e+00 -9.60755779e-02)	(1.74843979e-03 -2.03772191e-02 -1.76597571e-03)
130             	(7.23354499e-02 3.67771431e+00 -9.73890349e-02)	(7.05960365e-02 3.69792947e+00 -9.56114331e-02)	(1.73941345e-03 -2.02151572e-02 -1.77760174e-03)
131             	(7.24023383e-02 3.67824516e+00 -9.69408345e-02)	(7.06711435e-02 3.69829537e+00 -9.51528609e-02)	(1.73119481e-03 -2.00502132e-02 -1.78797352e-03)
132             	(7.24655302e-02 3.67877850e+00 -9.64972381e-02)	(7.07441464e-02 3.69866862e+00 -9.47002266e-02)	(1.72138383e-03 -1.98901211e-02 -1.79701146e-03)
133             	(7.25290404e-02 3.67932647e+00 -9.60592705e-02)	(7.08152454e-02 3.69905123e+00 -9.42539381e-02)	(1.71379496e-03 -1.97247585e-02 -1.80533233e-03)
134             	(7.25937119e-02 3.67989223e+00 -9.56267659e-02)	(7.08849123e-02 3.69944578e+00 -9.38140804e-02)	(1.70879968e-03 -1.95535502e-02 -1.81268546e-03)
135             	(7.26587249e-02 3.68047349e+00 -9.51999068e-02)	(7.09532580e-02 3.69985095e+00 -9.33808396e-02)	(1.70546696e-03 -1.93774612e-02 -1.81906719e-03)
136             	(7.27242546e-02 3.68106748e+00 -9.47788276e-02)	(7.10201126e-02 3.70026318e+00 -9.29542117e-02)	(1.70414194e-03 -1.91956964e-02 -1.82461595e-03)
137             	(7.27911849e-02 3.68167191e+00 -9.43619143e-02)	(7.10853208e-02 3.70067968e+00 -9.25341277e-02)	(1.70586408e-03 -1.90077629e-02 -1.82778656e-03)
138             	(7.28592628e-02 3.68228421e+00 -9.39490957e-02)	(7.11486662e-02 3.70109868e+00 -9.21210654e-02)	(1.71059666e-03 -1.88144694e-02 -1.82803025e-03)
139             	(7.29272219e-02 3.68290384e+00 -9.35434138e-02)	(7.12100698e-02 3.70152078e+00 -9.17157972e-02)	(1.71715205e-03 -1.86169362e-02 -1.82761658e-03)
140             	(7.29948526e-02 3.68353058e+00 -9.31453918e-02)	(7.12695818e-02 3.70194599e+00 -9.13190225e-02)	(1.72527078e-03 -1.84154101e-02 -1.82636931e-03)
141             	(7.30629934e-02 3.68416504e+00 -9.27547922e-02)	(7.13274038e-02 3.70237406e+00 -9.09306107e-02)	(1.73558958e-03 -1.82090242e-02 -1.82418154e-03)
142             	(7.31317993e-02 3.68480617e+00 -9.23708904e-02)	(7.13836816e-02 3.70280441e+00 -9.05498483e-02)	(1.74811768e-03 -1.79982430e-02 -1.82104211e-03)
143             	(7.32009931e-02 3.68545272e+00 -9.19926567e-02)	(7.14384174e-02 3.70323634e+00 -9.01760159e-02)	(1.76257563e-03 -1.77836137e-02 -1.81664088e-03)
144             	(7.32700320e-02 3.68610184e+00 -9.16196339e-02)	(7.14915501e-02 3.70366891e+00 -8.98086977e-02)	(1.77848195e-03 -1.75670678e-02 -1.81093615e-03)
145             	(7.33387228e-02 3.68675263e+00 -9.12510714e-02)	(7.15429788e-02 3.70410232e+00 -8.94477422e-02)	(1.79574403e-03 -1.73496921e-02 -1.80332916e-03)
146             	(7.34073738e-02 3.68740770e+00 -9.08877385e-02)	(7.15924945e-02 3.70453673e+00 -8.90932377e-02)	(1.81487928e-03 -1.71290325e-02 -1.79450081e-03)
147             	(7.34758681e-02 3.68806419e+00 -9.05291411e-02)	(7.16403835e-02 3.70497305e+00 -8.87457623e-02)	(1.83548456e-03 -1.69088639e-02 -1.78337874e-03)
148             	(7.35444159e-02 3.68872271e+00 -9.01765847e-02)	(7.16870587e-02 3.70541122e+00 -8.84057623e-02)	(1.85735720e-03 -1.66885040e-02 -1.77082240e-03)
149             	(7.36134158e-02 3.68938365e+00 -8.98296258e-02)	(7.17326583e-02 3.70585057e+00 -8.80728831e-02)	(1.88075755e-03 -1.64669231e-02 -1.75674275e-03)
150             	(7.36829871e-02 3.69004693e+00 -8.94872013e-02)	(7.17771041e-02 3.70629022e+00 -8.77467318e-02)	(1.90588300e-03 -1.62432916e-02 -1.74046954e-03)
151             	(7.37527141e-02 3.69070876e+00 -8.91494575e-02)	(7.18202467e-02 3.70672882e+00 -8.74272305e-02)	(1.93246733e-03 -1.60200599e-02 -1.72222697e-03)
152             	(7.38223533e-02 3.69136955e+00 -8.88165386e-02)	(7.18618849e-02 3.70716688e+00 -8.71146351e-02)	(1.96046839e-03 -1.57973312e-02 -1.70190349e-03)
153             	(7.38917300e-02 3.69202812e+00 -8.84880643e-02)	(7.19020243e-02 3.70760432e+00 -8.68087846e-02)	(1.98970577e-03 -1.55761973e-02 -1.67927970e-03)
154             	(7.39607922e-02 3.69268424e+00 -8.81642496e-02)	(7.19407518e-02 3.70804137e+00 -8.65096672e-02)	(2.02004044e-03 -1.53571307e-02 -1.65458237e-03)
155             	(7.40266533e-02 3.69332828e+00 -8.78455730e-02)	(7.19782424e-02 3.70847799e+00 -8.62172555e-02)	(2.04841087e-03 -1.51497036e-02 -1.62831758e-03)
156             	(7.40880281e-02 3.69395878e+00 -8.75306668e-02)	(7.20147579e-02 3.70891746e+00 -8.59311002e-02)	(2.07327021e-03 -1.49586879e-02 -1.59956655e-03)
157             	(7.41483445e-02 3.69458941e+00 -8.72195660e-02)	(7.20501986e-02 3.70936150e+00 -8.56510493e-02)	(2.09814590e-03 -1.47720899e-02 -1.56851669e-03)
158             	(7.42096225e-02 3.69522631e+00 -8.69134993e-02)	(7.20844733e-02 3.70980983e+00 -8.53772866e-02)	(2.12514929e-03 -1.45835149e-02 -1.53621274e-03)
159             	(7.42713964e-02 3.69586553e+00 -8.66126226e-02)	(7.21173496e-02 3.71025930e+00 -8.51099203e-02)	(2.15404678e-03 -1.43937704e-02 -1.50270223e-03)
160             	(7.43331365e-02 3.69650155e+00 -8.63161002e-02)	(7.21485384e-02 3.71070521e+00 -8.48488553e-02)	(2.18459806e-03 -1.42036625e-02 -1.46724494e-03)
161             	(7.43946392e-02 3.69713235e+00 -8.60240332e-02)	(7.21780287e-02 3.71114599e+00 -8.45938291e-02)	(2.21661058e-03 -1.40136455e-02 -1.43020407e-03)
162             	(7.44558994e-02 3.69775799e+00 -8.57357103e-02)	(7.22058132e-02 3.71158218e+00 -8.43445414e-02)	(2.25008619e-03 -1.38241876e-02 -1.39116887e-03)
163             	(7.45168645e-02 3.69838009e+00 -8.54517564e-02)	(7.22317969e-02 3.71201493e+00 -8.41008377e-02)	(2.28506762e-03 -1.36348347e-02 -1.35091868e-03)
164             	(7.45777041e-02 3.69899691e+00 -8.51713733e-02)	(7.22560180e-02 3.71244265e+00 -8.38627047e-02)	(2.32168608e-03 -1.34457371e-02 -1.30866864e-03)
165             	(7.46389418e-02 3.69960809e+00 -8.48947032e-02)	(7.22788335e-02 3.71286325e+00 -8.36297975e-02)	(2.36010833e-03 -1.32551598e-02 -1.26490570e-03)
166             	(7.47005433e-02 3.70021192e+00 -8.46226604e-02)	(7.23004952e-02 3.71327550e+00 -8.34022098e-02)	(2.40004809e-03 -1.30635805e-02 -1.22045065e-03)
167             	(7.47624692e-02 3.70080913e+00 -8.43551210e-02)	(7.23208933e-02 3.71367987e+00 -8.31801104e-02)	(2.44157591e-03 -1.28707379e-02 -1.17501064e-03)
168             	(7.48243051e-02 3.70139812e+00 -8.40912749e-02)	(7.23397909e-02 3.71407583e+00 -8.29633849e-02)	(2.48451418e-03 -1.26777095e-02 -1.12789002e-03)
169             	(7.48858981e-02 3.70198061e+00 -8.38321234e-02)	(7.23569935e-02 3.71446441e+00 -8.27518429e-02)	(2.52890462e-03 -1.24837969e-02 -1.08028049e-03)
170             	(7.49469783e-02 3.70255768e+00 -8.35771746e-02)	(7.23724261e-02 3.71484672e+00 -8.25450581e-02)	(2.57455228e-03 -1.22890374e-02 -1.03211645e-03)
171             	(7.50072374e-02 3.70313012e+00 -8.33258394e-02)	(7.23862420e-02 3.71522396e+00 -8.23428494e-02)	(2.62099536e-03 -1.20938462e-02 -9.82989968e-04)
172             	(7.50672315e-02 3.70369705e+00 -8.30783253e-02)	(7.23987504e-02 3.71559643e+00 -8.21450155e-02)	(2.66848112e-03 -1.18993841e-02 -9.33309806e-04)
173             	(7.51274689e-02 3.70425909e+00 -8.28337912e-02)	(7.24104279e-02 3.71596484e+00 -8.19513894e-02)	(2.71704103e-03 -1.17057534e-02 -8.82401790e-04)
174             	(7.51883517e-02 3.70481668e+00 -8.25928163e-02)	(7.24215751e-02 3.71632974e+00 -8.17620322e-02)	(2.76677663e-03 -1.15130637e-02 -8.30784045e-04)
175             	(7.52499498e-02 3.70537353e+00 -8.23552277e-02)	(7.24322942e-02 3.71669369e+00 -8.15769867e-02)	(2.81765558e-03 -1.13201628e-02 -7.78241035e-04)
176             	(7.53116660e-02 3.70592753e+00 -8.21208888e-02)	(7.24422567e-02 3.71705451e+00 -8.13961545e-02)	(2.86940925e-03 -1.11269849e-02 -7.24734292e-04)
177             	(7.53728131e-02 3.70646875e+00 -8.18888616e-02)	(7.24508767e-02 3.71740374e+00 -8.12189701e-02)	(2.92193639e-03 -1.09349904e-02 -6.69891587e-04)
178             	(7.54338590e-02 3.70699647e+00 -8.16598034e-02)	(7.24580168e-02 3.71773928e+00 -8.10449325e-02)	(2.97584218e-03 -1.07428046e-02 -6.14870888e-04)
179             	(7.54951565e-02 3.70751450e+00 -8.14327840e-02)	(7.24639784e-02 3.71806487e+00 -8.08737974e-02)	(3.03117815e-03 -1.05503666e-02 -5.58986582e-04)
180             	(7.55571828e-02 3.70802638e+00 -8.12090809e-02)	(7.24690323e-02 3.71838376e+00 -8.07063728e-02)	(3.08815041e-03 -1.03573869e-02 -5.02708109e-04)
181             	(7.56198814e-02 3.70853400e+00 -8.09893447e-02)	(7.24732642e-02 3.71869771e+00 -8.05432348e-02)	(3.14661720e-03 -1.01637086e-02 -4.46109980e-04)
182             	(7.56828719e-02 3.70903690e+00 -8.07741133e-02)	(7.24766852e-02 3.71900650e+00 -8.03842046e-02)	(3.20618670e-03 -9.96960640e-03 -3.89908679e-04)
183             	(7.57459392e-02 3.70953250e+00 -8.05620009e-02)	(7.24792316e-02 3.71930797e+00 -8.02287160e-02)	(3.26670762e-03 -9.77547104e-03 -3.33284938e-04)
184             	(7.58089654e-02 3.71001853e+00 -8.03521529e-02)	(7.24809432e-02 3.71960119e+00 -8.00763570e-02)	(3.32802227e-03 -9.58266131e-03 -2.75795851e-04)
185             	(7.58721064e-02 3.71049538e+00 -8.01446768e-02)	(7.24819467e-02 3.71988694e+00 -7.99271821e-02)	(3.39015961e-03 -9.39155697e-03 -2.17494682e-04)
186             	(7.59353347e-02 3.71096472e+00 -7.99405615e-02)	(7.24824301e-02 3.72016668e+00 -7.97813344e-02)	(3.45290464e-03 -9.20196220e-03 -1.59227121e-04)
187             	(7.59983605e-02 3.71142783e+00 -7.97384495e-02)	(7.24824661e-02 3.72044165e+00 -7.96388564e-02)	(3.51589437e-03 -9.01382236e-03 -9.95931685e-05)
188             	(7.60617195e-02 3.71188524e+00 -7.95393659e-02)	(7.24820982e-02 3.72071252e+00 -7.94997362e-02)	(3.57962127e-03 -8.82727479e-03 -3.96296964e-05)
189             	(7.61257219e-02 3.71233741e+00 -7.93434226e-02)	(7.24814365e-02 3.72097935e+00 -7.93637748e-02)	(3.64428534e-03 -8.64194052e-03 2.03521286e-05)
190             	(7.61901332e-02 3.71278332e+00 -7.91507378e-02)	(7.24803907e-02 3.72124133e+00 -7.92309110e-02)	(3.70974256e-03 -8.45801177e-03 8.01731857e-05)
191             	(7.62548199e-02 3.71322189e+00 -7.89610125e-02)	(7.24788425e-02 3.72149779e+00 -7.91012276e-02)	(3.77597746e-03 -8.27589725e-03 1.40215142e-04)
192             	(7.63195425e-02 3.71365418e+00 -7.87736504e-02)	(7.24766195e-02 3.72174926e+00 -7.89747079e-02)	(3.84292300e-03 -8.09508254e-03 2.01057510e-04)
193             	(7.63841335e-02 3.71408063e+00 -7.85895089e-02)	(7.24736731e-02 3.72199535e+00 -7.88512037e-02)	(3.91046037e-03 -7.91472657e-03 2.61694777e-04)
194             	(7.64479036e-02 3.71449757e+00 -7.84078765e-02)	(7.24701584e-02 3.72223454e+00 -7.87304163e-02)	(3.97774517e-03 -7.73696804e-03 3.22539773e-04)
195             	(7.65116818e-02 3.71490561e+00 -7.82277773e-02)	(7.24663460e-02 3.72246643e+00 -7.86120663e-02)	(4.04533572e-03 -7.56082291e-03 3.84289016e-04)
196             	(7.65756193e-02 3.71530537e+00 -7.80499828e-02)	(7.24623956e-02 3.72269212e+00 -7.84962211e-02)	(4.11322368e-03 -7.38675023e-03 4.46238316e-04)
197             	(7.66400221e-02 3.71569956e+00 -7.78747718e-02)	(7.24584244e-02 3.72291352e+00 -7.83828819e-02)	(4.18159771e-03 -7.21395786e-03 5.08110156e-04)
198             	(7.67038740e-02 3.71608844e+00 -7.77026422e-02)	(7.24542933e-02 3.72313177e+00 -7.82720037e-02)	(4.24958068e-03 -7.04333439e-03 5.69361544e-04)
199             	(7.67678183e-02 3.71647233e+00 -7.75333627e-02)	(7.24499935e-02 3.72334690e+00 -7.81636199e-02)	(4.31782479e-03 -6.87456828e-03 6.30257195e-04)
200             	(7.68323122e-02 3.71685132e+00 -7.73661787e-02)	(7.24456642e-02 3.72355844e+00 -7.80576350e-02)	(4.38664803e-03 -6.70712016e-03 6.91456300e-04)
201             	(7.68974225e-02 3.71722420e+00 -7.72018507e-02)	(7.24415027e-02 3.72376535e+00 -7.79539707e-02)	(4.45591986e-03 -6.54114951e-03 7.52119989e-04)
202             	(7.69631810e-02 3.71759067e+00 -7.70399205e-02)	(7.24374750e-02 3.72396728e+00 -7.78523019e-02)	(4.52570599e-03 -6.37661624e-03 8.12381353e-04)
203             	(7.70286850e-02 3.71794994e+00 -7.68798441e-02)	(7.24333896e-02 3.72416463e+00 -7.77526331e-02)	(4.59529540e-03 -6.21469401e-03 8.72788927e-04)
204             	(7.70937343e-02 3.71830155e+00 -7.67232781e-02)	(7.24291438e-02 3.72435819e+00 -7.76551374e-02)	(4.66459044e-03 -6.05664828e-03 9.31859346e-04)
205             	(7.71587526e-02 3.71864713e+00 -7.65684004e-02)	(7.24247754e-02 3.72454879e+00 -7.75596165e-02)	(4.73397720e-03 -5.90166232e-03 9.91216069e-04)
206             	(7.72242305e-02 3.71898800e+00 -7.64146751e-02)	(7.24204761e-02 3.72473694e+00 -7.74658772e-02)	(4.80375435e-03 -5.74893617e-03 1.05120209e-03)
207             	(7.72895996e-02 3.71932025e+00 -7.62627433e-02)	(7.24163113e-02 3.72492143e+00 -7.73739902e-02)	(4.87328833e-03 -5.60117534e-03 1.11124691e-03)
208             	(7.73552540e-02 3.71964507e+00 -7.61124068e-02)	(7.24121905e-02 3.72510132e+00 -7.72841749e-02)	(4.94306345e-03 -5.45625493e-03 1.17176813e-03)
209             	(7.74208118e-02 3.71996420e+00 -7.59639385e-02)	(7.24078344e-02 3.72527720e+00 -7.71962234e-02)	(5.01297733e-03 -5.31300008e-03 1.23228497e-03)
210             	(7.74863722e-02 3.72027849e+00 -7.58173033e-02)	(7.24033375e-02 3.72545035e+00 -7.71101578e-02)	(5.08303469e-03 -5.17185732e-03 1.29285451e-03)
211             	(7.75522551e-02 3.72059017e+00 -7.56731549e-02)	(7.23988498e-02 3.72562187e+00 -7.70260613e-02)	(5.15340524e-03 -5.03169942e-03 1.35290639e-03)
212             	(7.76182263e-02 3.72089850e+00 -7.55309726e-02)	(7.23943521e-02 3.72579160e+00 -7.69438331e-02)	(5.22387415e-03 -4.89310477e-03 1.41286044e-03)
213             	(7.76838243e-02 3.72120162e+00 -7.53907564e-02)	(7.23897746e-02 3.72595887e+00 -7.68634979e-02)	(5.29404968e-03 -4.75725254e-03 1.47274147e-03)
214             	(7.77495399e-02 3.72149980e+00 -7.52525824e-02)	(7.23852443e-02 3.72612315e+00 -7.67849338e-02)	(5.36429568e-03 -4.62334904e-03 1.53235139e-03)
215             	(7.78154907e-02 3.72179288e+00 -7.51165110e-02)	(7.23808979e-02 3.72628405e+00 -7.67081120e-02)	(5.43459283e-03 -4.49116878e-03 1.59160096e-03)
216             	(7.78815589e-02 3.72208030e+00 -7.49822308e-02)	(7.23767127e-02 3.72644131e+00 -7.66329672e-02)	(5.50484624e-03 -4.36100871e-03 1.65073648e-03)
217             	(7.79477077e-02 3.72236305e+00 -7.48492949e-02)	(7.23727097e-02 3.72659573e+00 -7.65594645e-02)	(5.57499802e-03 -4.23267507e-03 1.71016961e-03)
218             	(7.80138544e-02 3.72264186e+00 -7.47179239e-02)	(7.23688356e-02 3.72674815e+00 -7.64874997e-02)	(5.64501883e-03 -4.10628775e-03 1.76957581e-03)
219             	(7.80797693e-02 3.72291639e+00 -7.45877734e-02)	(7.23649764e-02 3.72689876e+00 -7.64171460e-02)	(5.71479290e-03 -3.98236648e-03 1.82937250e-03)
220             	(7.81458669e-02 3.72318838e+00 -7.44594902e-02)	(7.23611640e-02 3.72704780e+00 -7.63484338e-02)	(5.78470289e-03 -3.85942002e-03 1.88894358e-03)
221             	(7.82120722e-02 3.72345734e+00 -7.43332078e-02)	(7.23573557e-02 3.72719456e+00 -7.62815080e-02)	(5.85471657e-03 -3.73721524e-03 1.94830025e-03)
222             	(7.82782904e-02 3.72372173e+00 -7.42090212e-02)	(7.23535475e-02 3.72733798e+00 -7.62163735e-02)	(5.92474288e-03 -3.61625474e-03 2.00735230e-03)
223             	(7.83441846e-02 3.72397995e+00 -7.40866451e-02)	(7.23497442e-02 3.72747771e+00 -7.61527712e-02)	(5.99444037e-03 -3.49776139e-03 2.06612615e-03)
224             	(7.84100481e-02 3.72423324e+00 -7.39649729e-02)	(7.23460750e-02 3.72761446e+00 -7.60903152e-02)	(6.06397310e-03 -3.38121787e-03 2.12534228e-03)
225             	(7.84760496e-02 3.72448265e+00 -7.38436793e-02)	(7.23425966e-02 3.72774900e+00 -7.60290240e-02)	(6.13345293e-03 -3.26634649e-03 2.18534471e-03)
226             	(7.85421367e-02 3.72472928e+00 -7.37245615e-02)	(7.23392664e-02 3.72788182e+00 -7.59691776e-02)	(6.20287038e-03 -3.15253408e-03 2.24461613e-03)
227             	(7.86081556e-02 3.72497227e+00 -7.36072820e-02)	(7.23359940e-02 3.72801257e+00 -7.59107475e-02)	(6.27216158e-03 -3.04029628e-03 2.30346554e-03)
228             	(7.86739054e-02 3.72521084e+00 -7.34913030e-02)	(7.23328294e-02 3.72814097e+00 -7.58535754e-02)	(6.34107602e-03 -2.93013129e-03 2.36227235e-03)
229             	(7.87396646e-02 3.72544528e+00 -7.33763946e-02)	(7.23298772e-02 3.72826730e+00 -7.57974463e-02)	(6.40978739e-03 -2.82202106e-03 2.42105163e-03)
230             	(7.88055974e-02 3.72567622e+00 -7.32619575e-02)	(7.23272100e-02 3.72839196e+00 -7.57423583e-02)	(6.47838739e-03 -2.71574373e-03 2.48040084e-03)
231             	(7.88713914e-02 3.72590343e+00 -7.31475577e-02)	(7.23248288e-02 3.72851526e+00 -7.56883773e-02)	(6.54656267e-03 -2.61183033e-03 2.54081960e-03)
232             	(7.89371494e-02 3.72612745e+00 -7.30334547e-02)	(7.23227477e-02 3.72863750e+00 -7.56357105e-02)	(6.61440176e-03 -2.51005097e-03 2.60225580e-03)
233             	(7.90031515e-02 3.72634941e+00 -7.29217169e-02)	(7.23210632e-02 3.72875864e+00 -7.55845308e-02)	(6.68208825e-03 -2.40923915e-03 2.66281390e-03)
234             	(7.90689762e-02 3.72656674e+00 -7.28114756e-02)	(7.23195632e-02 3.72887800e+00 -7.55349325e-02)	(6.74941298e-03 -2.31126336e-03 2.72345686e-03)
235             	(7.91350872e-02 3.72678115e+00 -7.27024214e-02)	(7.23181962e-02 3.72899573e+00 -7.54865656e-02)	(6.81689100e-03 -2.21458094e-03 2.78414426e-03)
236             	(7.92009828e-02 3.72699213e+00 -7.25940141e-02)	(7.23168999e-02 3.72911172e+00 -7.54391536e-02)	(6.88408296e-03 -2.11959009e-03 2.84513953e-03)
237             	(7.92667810e-02 3.72720011e+00 -7.24860627e-02)	(7.23157677e-02 3.72922614e+00 -7.53926391e-02)	(6.95101329e-03 -2.02602759e-03 2.90657639e-03)
238             	(7.93323320e-02 3.72740416e+00 -7.23798780e-02)	(7.23148168e-02 3.72933888e+00 -7.53472947e-02)	(7.01751520e-03 -1.93472032e-03 2.96741671e-03)
239             	(7.93978018e-02 3.72760541e+00 -7.22748107e-02)	(7.23140847e-02 3.72945029e+00 -7.53030355e-02)	(7.08371709e-03 -1.84487811e-03 3.02822487e-03)
240             	(7.94631802e-02 3.72780378e+00 -7.21704454e-02)	(7.23135818e-02 3.72956056e+00 -7.52597643e-02)	(7.14959842e-03 -1.75678270e-03 3.08931885e-03)
241             	(7.95286149e-02 3.72799959e+00 -7.20667614e-02)	(7.23133517e-02 3.72966971e+00 -7.52174885e-02)	(7.21526312e-03 -1.67012179e-03 3.15072713e-03)
242             	(7.95938566e-02 3.72819196e+00 -7.19644114e-02)	(7.23133654e-02 3.72977760e+00 -7.51762495e-02)	(7.28049120e-03 -1.58563409e-03 3.21183810e-03)
243             	(7.96587660e-02 3.72838015e+00 -7.18630830e-02)	(7.23136250e-02 3.72988424e+00 -7.51358622e-02)	(7.34514095e-03 -1.50409134e-03 3.27277929e-03)
244             	(7.97236039e-02 3.72856524e+00 -7.17618867e-02)	(7.23142902e-02 3.72999022e+00 -7.50960261e-02)	(7.40931373e-03 -1.42497714e-03 3.33413934e-03)
245             	(7.97888472e-02 3.72874915e+00 -7.16612023e-02)	(7.23154655e-02 3.73009597e+00 -7.50567598e-02)	(7.47338163e-03 -1.34681787e-03 3.39555748e-03)
246             	(7.98540518e-02 3.72893073e+00 -7.15611252e-02)	(7.23169428e-02 3.73020104e+00 -7.50183156e-02)	(7.53710894e-03 -1.27030388e-03 3.45719040e-03)
247             	(7.99192451e-02 3.72911050e+00 -7.14620505e-02)	(7.23185049e-02 3.73030496e+00 -7.49809215e-02)	(7.60074018e-03 -1.19445755e-03 3.51887095e-03)
248             	(7.99838198e-02 3.72928620e+00 -7.13632763e-02)	(7.23200423e-02 3.73040726e+00 -7.49446303e-02)	(7.66377750e-03 -1.12105443e-03 3.58135400e-03)
249             	(8.00481168e-02 3.72945892e+00 -7.12654576e-02)	(7.23217153e-02 3.73050836e+00 -7.49093819e-02)	(7.72640149e-03 -1.04944400e-03 3.64392431e-03)
250             	(8.01125432e-02 3.72962959e+00 -7.11690081e-02)	(7.23237146e-02 3.73060862e+00 -7.48750019e-02)	(7.78882869e-03 -9.79031718e-04 3.70599386e-03)
251             	(8.01769108e-02 3.72979776e+00 -7.10728447e-02)	(7.23260116e-02 3.73070811e+00 -7.48412776e-02)	(7.85089916e-03 -9.10342869e-04 3.76843290e-03)
252             	(8.02410559e-02 3.72996300e+00 -7.09764189e-02)	(7.23285514e-02 3.73080674e+00 -7.48081233e-02)	(7.91250445e-03 -8.43735964e-04 3.83170443e-03)
253             	(8.03050506e-02 3.73012583e+00 -7.08802211e-02)	(7.23314079e-02 3.73090490e+00 -7.47756974e-02)	(7.97364276e-03 -7.79066338e-04 3.89547637e-03)
254             	(8.03688442e-02 3.73028610e+00 -7.07848886e-02)	(7.23346305e-02 3.73100279e+00 -7.47442364e-02)	(8.03421375e-03 -7.16683631e-04 3.95934783e-03)
255             	(8.04327092e-02 3.73044492e+00 -7.06910006e-02)	(7.23382373e-02 3.73110057e+00 -7.47136913e-02)	(8.09447185e-03 -6.55650570e-04 4.02269070e-03)
256             	(8.04961782e-02 3.73060074e+00 -7.05977614e-02)	(7.23420965e-02 3.73119793e+00 -7.46837459e-02)	(8.15408179e-03 -5.97190842e-04 4.08598453e-03)
257             	(8.05592867e-02 3.73075405e+00 -7.05050197e-02)	(7.23461732e-02 3.73129487e+00 -7.46541739e-02)	(8.21311348e-03 -5.40816313e-04 4.14915424e-03)
258             	(8.06220211e-02 3.73090431e+00 -7.04123417e-02)	(7.23505275e-02 3.73139136e+00 -7.46248459e-02)	(8.27149361e-03 -4.87051259e-04 4.21250419e-03)
259             	(8.06846739e-02 3.73105240e+00 -7.03195321e-02)	(7.23552945e-02 3.73148759e+00 -7.45958797e-02)	(8.32937942e-03 -4.35184194e-04 4.27634765e-03)
260             	(8.07469828e-02 3.73119710e+00 -7.02271079e-02)	(7.23605329e-02 3.73158359e+00 -7.45675160e-02)	(8.38644992e-03 -3.86493430e-04 4.34040811e-03)
261             	(8.08092313e-02 3.73133956e+00 -7.01357800e-02)	(7.23663725e-02 3.73167984e+00 -7.45398899e-02)	(8.44285878e-03 -3.40277676e-04 4.40410986e-03)
262             	(8.08718057e-02 3.73148146e+00 -7.00456297e-02)	(7.23728383e-02 3.73177645e+00 -7.45128332e-02)	(8.49896731e-03 -2.94987032e-04 4.46720348e-03)
263             	(8.09343208e-02 3.73162178e+00 -6.99554898e-02)	(7.23797394e-02 3.73187301e+00 -7.44861277e-02)	(8.55458144e-03 -2.51234725e-04 4.53063785e-03)
264             	(8.09965230e-02 3.73175948e+00 -6.98656029e-02)	(7.23869249e-02 3.73196911e+00 -7.44597479e-02)	(8.60959816e-03 -2.09631166e-04 4.59414500e-03)
265             	(8.10583282e-02 3.73189458e+00 -6.97757045e-02)	(7.23943194e-02 3.73206479e+00 -7.44337300e-02)	(8.66400873e-03 -1.70204320e-04 4.65802558e-03)
266             	(8.11197886e-02 3.73202740e+00 -6.96857924e-02)	(7.24020011e-02 3.73216023e+00 -7.44082198e-02)	(8.71778751e-03 -1.32829195e-04 4.72242740e-03)
267             	(8.11811740e-02 3.73215854e+00 -6.95964294e-02)	(7.24101145e-02 3.73225570e+00 -7.43833359e-02)	(8.77105953e-03 -9.71681109e-05 4.78690654e-03)
268             	(8.12424335e-02 3.73228766e+00 -6.95078443e-02)	(7.24187093e-02 3.73235111e+00 -7.43590346e-02)	(8.82372424e-03 -6.34486522e-05 4.85119035e-03)
269             	(8.13036004e-02 3.73241535e+00 -6.94201503e-02)	(7.24277619e-02 3.73244658e+00 -7.43351069e-02)	(8.87583845e-03 -3.12299152e-05 4.91495659e-03)
270             	(8.13646083e-02 3.73254133e+00 -6.93331393e-02)	(7.24372284e-02 3.73254209e+00 -7.43113382e-02)	(8.92737993e-03 -7.62161266e-07 4.97819888e-03)
271             	(8.14253012e-02 3.73266566e+00 -6.92468638e-02)	(7.24470436e-02 3.73263754e+00 -7.42876617e-02)	(8.97825762e-03 2.81146698e-05 5.04079789e-03)
272             	(8.14858305e-02 3.73278790e+00 -6.91614842e-02)	(7.24572273e-02 3.73273282e+00 -7.42641064e-02)	(9.02860322e-03 5.50818253e-05 5.10262223e-03)
273             	(8.15460617e-02 3.73290766e+00 -6.90769644e-02)	(7.24678338e-02 3.73282788e+00 -7.42405893e-02)	(9.07822787e-03 7.97770394e-05 5.16362492e-03)
274             	(8.16063511e-02 3.73302622e+00 -6.89928441e-02)	(7.24788917e-02 3.73292291e+00 -7.42170495e-02)	(9.12745938e-03 1.03314559e-04 5.22420544e-03)
275             	(8.16658057e-02 3.73314160e+00 -6.89090539e-02)	(7.24901971e-02 3.73301770e+00 -7.41936645e-02)	(9.17560860e-03 1.23900340e-04 5.28461062e-03)
276             	(8.17248783e-02 3.73325500e+00 -6.88265532e-02)	(7.25018320e-02 3.73311258e+00 -7.41706228e-02)	(9.22304629e-03 1.42420536e-04 5.34406952e-03)
277             	(8.17838943e-02 3.73336715e+00 -6.87453725e-02)	(7.25139293e-02 3.73320776e+00 -7.41478566e-02)	(9.26996499e-03 1.59390530e-04 5.40248417e-03)
278             	(8.18423971e-02 3.73347631e+00 -6.86652434e-02)	(7.25264788e-02 3.73330303e+00 -7.41252031e-02)	(9.31591836e-03 1.73283074e-04 5.45995968e-03)
279             	(8.19009472e-02 3.73358440e+00 -6.85857373e-02)	(7.25395286e-02 3.73339854e+00 -7.41026636e-02)	(9.36141864e-03 1.85860709e-04 5.51692631e-03)
280             	(8.19590339e-02 3.73368967e+00 -6.85069778e-02)	(7.25530264e-02 3.73349412e+00 -7.40803822e-02)	(9.40600746e-03 1.95547839e-04 5.57340440e-03)
281             	(8.20167324e-02 3.73379272e+00 -6.84292298e-02)	(7.25669831e-02 3.73358997e+00 -7.40584643e-02)	(9.44974921e-03 2.02745323e-04 5.62923457e-03)
282             	(8.20743247e-02 3.73389458e+00 -6.83524629e-02)	(7.25813885e-02 3.73368620e+00 -7.40368657e-02)	(9.49293620e-03 2.08373818e-04 5.68440279e-03)
283             	(8.21312641e-02 3.73399345e+00 -6.82765139e-02)	(7.25961587e-02 3.73378249e+00 -7.40155400e-02)	(9.53510545e-03 2.10958355e-04 5.73902612e-03)
284             	(8.21877194e-02 3.73409007e+00 -6.82012387e-02)	(7.26113529e-02 3.73387908e+00 -7.39946163e-02)	(9.57636642e-03 2.10993183e-04 5.79337767e-03)
285             	(8.22440797e-02 3.73418584e+00 -6.81268991e-02)	(7.26270107e-02 3.73397614e+00 -7.39742162e-02)	(9.61706901e-03 2.09700190e-04 5.84731705e-03)
286             	(8.23001806e-02 3.73428030e+00 -6.80538722e-02)	(7.26430250e-02 3.73407333e+00 -7.39543505e-02)	(9.65715556e-03 2.06971670e-04 5.90047824e-03)
287             	(8.23557978e-02 3.73437253e+00 -6.79819000e-02)	(7.26592991e-02 3.73417026e+00 -7.39348539e-02)	(9.69649870e-03 2.02276703e-04 5.95295394e-03)
288             	(8.24112896e-02 3.73446369e+00 -6.79105577e-02)	(7.26758829e-02 3.73426691e+00 -7.39156216e-02)	(9.73540677e-03 1.96781195e-04 6.00506388e-03)
289             	(8.24663282e-02 3.73455250e+00 -6.78394428e-02)	(7.26926946e-02 3.73436305e+00 -7.38967264e-02)	(9.77363363e-03 1.89450371e-04 6.05728361e-03)
290             	(8.25209237e-02 3.73463916e+00 -6.77693670e-02)	(7.27097240e-02 3.73445881e+00 -7.38784602e-02)	(9.81119966e-03 1.80346357e-04 6.10909321e-03)
291             	(8.25755137e-02 3.73472519e+00 -6.77005530e-02)	(7.27269656e-02 3.73455441e+00 -7.38608461e-02)	(9.84854812e-03 1.70772191e-04 6.16029314e-03)
292             	(8.26295919e-02 3.73480959e+00 -6.76329030e-02)	(7.27443097e-02 3.73464955e+00 -7.38436128e-02)	(9.88528218e-03 1.60036188e-04 6.21070983e-03)
293             	(8.26827831e-02 3.73489121e+00 -6.75671587e-02)	(7.27617268e-02 3.73474405e+00 -7.38266152e-02)	(9.92105625e-03 1.47163653e-04 6.25945652e-03)
294             	(8.27354012e-02 3.73497062e+00 -6.75025470e-02)	(7.27793571e-02 3.73483814e+00 -7.38097649e-02)	(9.95604407e-03 1.32489135e-04 6.30721789e-03)
295             	(8.27881839e-02 3.73504954e+00 -6.74389790e-02)	(7.27973631e-02 3.73493223e+00 -7.37930601e-02)	(9.99082086e-03 1.17308839e-04 6.35408113e-03)
296             	(8.28408518e-02 3.73512762e+00 -6.73763648e-02)	(7.28155332e-02 3.73502610e+00 -7.37765888e-02)	(1.00253186e-02 1.01519616e-04 6.40022401e-03)
297             	(8.28932546e-02 3.73520469e+00 -6.73148303e-02)	(7.28336034e-02 3.73511935e+00 -7.37604734e-02)	(1.00596512e-02 8.53390848e-05 6.44564311e-03)
298             	(8.29452921e-02 3.73528044e+00 -6.72544435e-02)	(7.28514648e-02 3.73521161e+00 -7.37447733e-02)	(1.00938273e-02 6.88288195e-05 6.49032977e-03)
299             	(8.29968375e-02 3.73535423e+00 -6.71950763e-02)	(7.28691245e-02 3.73530265e+00 -7.37295474e-02)	(1.01277130e-02 5.15842142e-05 6.53447106e-03)
300             	(8.30478458e-02 3.73542574e+00 -6.71368908e-02)	(7.28866196e-02 3.73539242e+00 -7.37148122e-02)	(1.01612263e-02 3.33208274e-05 6.57792132e-03)
301             	(8.30985689e-02 3.73549573e+00 -6.70800373e-02)	(7.29040613e-02 3.73548125e+00 -7.37004774e-02)	(1.01945076e-02 1.44723424e-05 6.62044007e-03)
302             	(8.31491631e-02 3.73556482e+00 -6.70240315e-02)	(7.29214198e-02 3.73556917e+00 -7.36864409e-02)	(1.02277432e-02 -4.34968612e-06 6.66240934e-03)
303             	(8.31995828e-02 3.73563280e+00 -6.69690764e-02)	(7.29386575e-02 3.73565607e+00 -7.36726594e-02)	(1.02609253e-02 -2.32648647e-05 6.70358302e-03)
304             	(8.32497237e-02 3.73569957e+00 -6.69152945e-02)	(7.29557583e-02 3.73574182e+00 -7.36591608e-02)	(1.02939654e-02 -4.22472738e-05 6.74386631e-03)
305             	(8.32995350e-02 3.73576469e+00 -6.68625903e-02)	(7.29726997e-02 3.73582633e+00 -7.36459764e-02)	(1.03268352e-02 -6.16338009e-05 6.78338617e-03)
306             	(8.33491117e-02 3.73582859e+00 -6.68106914e-02)	(7.29895104e-02 3.73590972e+00 -7.36330498e-02)	(1.03596014e-02 -8.11321639e-05 6.82235840e-03)
307             	(8.33983562e-02 3.73589109e+00 -6.67594450e-02)	(7.30061515e-02 3.73599199e+00 -7.36204658e-02)	(1.03922048e-02 -1.00897409e-04 6.86102086e-03)
308             	(8.34471499e-02 3.73595229e+00 -6.67095367e-02)	(7.30225306e-02 3.73607318e+00 -7.36083901e-02)	(1.04246193e-02 -1.20895425e-04 6.89885346e-03)
309             	(8.34953927e-02 3.73601219e+00 -6.66609493e-02)	(7.30385987e-02 3.73615339e+00 -7.35968468e-02)	(1.04567940e-02 -1.41196715e-04 6.93589752e-03)
310             	(8.35433318e-02 3.73607118e+00 -6.66133449e-02)	(7.30544257e-02 3.73623268e+00 -7.35856750e-02)	(1.04889061e-02 -1.61497252e-04 6.97233004e-03)
311             	(8.35909886e-02 3.73612909e+00 -6.65665218e-02)	(7.30700238e-02 3.73631083e+00 -7.35748222e-02)	(1.05209647e-02 -1.81741494e-04 7.00830037e-03)
312             	(8.36384176e-02 3.73618587e+00 -6.65205107e-02)	(7.30854038e-02 3.73638767e+00 -7.35642828e-02)	(1.05530139e-02 -2.01807201e-04 7.04377207e-03)
313             	(8.36852852e-02 3.73624053e+00 -6.64756926e-02)	(7.31005069e-02 3.73646295e+00 -7.35540445e-02)	(1.05847783e-02 -2.22424798e-04 7.07835187e-03)
314             	(8.37317893e-02 3.73629357e+00 -6.64317768e-02)	(7.31153750e-02 3.73653680e+00 -7.35440311e-02)	(1.06164144e-02 -2.43220302e-04 7.11225427e-03)
315             	(8.37779567e-02 3.73634542e+00 -6.63888166e-02)	(7.31300437e-02 3.73660934e+00 -7.35342913e-02)	(1.06479131e-02 -2.63923408e-04 7.14547470e-03)
316             	(8.38238178e-02 3.73639579e+00 -6.63469139e-02)	(7.31445454e-02 3.73668060e+00 -7.35248968e-02)	(1.06792724e-02 -2.84808830e-04 7.17798286e-03)
317             	(8.38694734e-02 3.73644507e+00 -6.63056378e-02)	(7.31588846e-02 3.73675066e+00 -7.35158915e-02)	(1.07105888e-02 -3.05588064e-04 7.21025379e-03)
318             	(8.39147781e-02 3.73649339e+00 -6.62654368e-02)	(7.31730664e-02 3.73681970e+00 -7.35073981e-02)	(1.07417117e-02 -3.26302096e-04 7.24196134e-03)
319             	(8.39598576e-02 3.73654078e+00 -6.62262810e-02)	(7.31870407e-02 3.73688765e+00 -7.34993841e-02)	(1.07728168e-02 -3.46872565e-04 7.27310311e-03)
320             	(8.40047001e-02 3.73658715e+00 -6.61879042e-02)	(7.32007366e-02 3.73695434e+00 -7.34917776e-02)	(1.08039636e-02 -3.67192743e-04 7.30387346e-03)
321             	(8.40492354e-02 3.73663242e+00 -6.61503741e-02)	(7.32140616e-02 3.73701961e+00 -7.34845628e-02)	(1.08351738e-02 -3.87192703e-04 7.33418875e-03)
322             	(8.40933631e-02 3.73667670e+00 -6.61135218e-02)	(7.32269684e-02 3.73708343e+00 -7.34776788e-02)	(1.08663947e-02 -4.06731249e-04 7.36415694e-03)
323             	(8.41371154e-02 3.73671986e+00 -6.60772968e-02)	(7.32394828e-02 3.73714570e+00 -7.34710636e-02)	(1.08976326e-02 -4.25832000e-04 7.39376675e-03)
324             	(8.41806733e-02 3.73676181e+00 -6.60416496e-02)	(7.32516926e-02 3.73720638e+00 -7.34647497e-02)	(1.09289806e-02 -4.44566853e-04 7.42310012e-03)
325             	(8.42240557e-02 3.73680263e+00 -6.60065880e-02)	(7.32636296e-02 3.73726550e+00 -7.34587630e-02)	(1.09604261e-02 -4.62878150e-04 7.45217500e-03)
326             	(8.42671940e-02 3.73684237e+00 -6.59721975e-02)	(7.32752843e-02 3.73732313e+00 -7.34531963e-02)	(1.09919096e-02 -4.80755116e-04 7.48099874e-03)
327             	(8.43100713e-02 3.73688117e+00 -6.59385304e-02)	(7.32866275e-02 3.73737941e+00 -7.34480713e-02)	(1.10234438e-02 -4.98242579e-04 7.50954098e-03)
328             	(8.43526020e-02 3.73691913e+00 -6.59056684e-02)	(7.32975634e-02 3.73743451e+00 -7.34433824e-02)	(1.10550385e-02 -5.15370944e-04 7.53771398e-03)
329             	(8.43948226e-02 3.73695630e+00 -6.58732990e-02)	(7.33080994e-02 3.73748847e+00 -7.34390089e-02)	(1.10867232e-02 -5.32171070e-04 7.56570994e-03)
330             	(8.44367244e-02 3.73699250e+00 -6.58413527e-02)	(7.33182677e-02 3.73754127e+00 -7.34348400e-02)	(1.11184568e-02 -5.48767591e-04 7.59348735e-03)
331             	(8.44782711e-02 3.73702756e+00 -6.58099545e-02)	(7.33281161e-02 3.73759286e+00 -7.34308801e-02)	(1.11501549e-02 -5.65297366e-04 7.62092558e-03)
332             	(8.45195782e-02 3.73706160e+00 -6.57790728e-02)	(7.33377630e-02 3.73764330e+00 -7.34271847e-02)	(1.11818152e-02 -5.81705814e-04 7.64811190e-03)
333             	(8.45607923e-02 3.73709480e+00 -6.57486439e-02)	(7.33472609e-02 3.73769261e+00 -7.34237785e-02)	(1.12135314e-02 -5.97811833e-04 7.67513459e-03)
334             	(8.46017921e-02 3.73712723e+00 -6.57188245e-02)	(7.33565139e-02 3.73774079e+00 -7.34206968e-02)	(1.12452782e-02 -6.13560004e-04 7.70187232e-03)
335             	(8.46424679e-02 3.73715863e+00 -6.56896744e-02)	(7.33654346e-02 3.73778778e+00 -7.34179426e-02)	(1.12770334e-02 -6.29156039e-04 7.72826817e-03)
336             	(8.46828816e-02 3.73718915e+00 -6.56610149e-02)	(7.33740201e-02 3.73783356e+00 -7.34154324e-02)	(1.13088615e-02 -6.44407346e-04 7.75441749e-03)
337             	(8.47230849e-02 3.73721879e+00 -6.56327435e-02)	(7.33823265e-02 3.73787813e+00 -7.34131126e-02)	(1.13407584e-02 -6.59343437e-04 7.78036915e-03)
338             	(8.47630930e-02 3.73724762e+00 -6.56048511e-02)	(7.33903885e-02 3.73792155e+00 -7.34109701e-02)	(1.13727045e-02 -6.73931162e-04 7.80611895e-03)
339             	(8.48029104e-02 3.73727557e+00 -6.55773243e-02)	(7.33982201e-02 3.73796378e+00 -7.34089931e-02)	(1.14046903e-02 -6.88216861e-04 7.83166879e-03)
340             	(8.48425176e-02 3.73730260e+00 -6.55501956e-02)	(7.34058146e-02 3.73800488e+00 -7.34072047e-02)	(1.14367029e-02 -7.02276384e-04 7.85700914e-03)
