# Moment        
# CofR          : (0.00000000e+00 0.00000000e+00 0.00000000e+00)
#
# Time          	(total_x total_y total_z)	(pressure_x pressure_y pressure_z)	(viscous_x viscous_y viscous_z)
1               	(-2.00873825e+00 9.30375087e-02 4.57675744e-01)	(-2.00748556e+00 9.29515593e-02 4.56838943e-01)	(-1.25269204e-03 8.59493982e-05 8.36800934e-04)
2               	(-2.77126749e+00 1.05466120e-01 5.70121704e-01)	(-2.76912456e+00 1.05292465e-01 5.69070029e-01)	(-2.14292443e-03 1.73655308e-04 1.05167541e-03)
3               	(-2.98384717e+00 1.04454215e-01 5.85874345e-01)	(-2.98161179e+00 1.04129776e-01 5.84687393e-01)	(-2.23538094e-03 3.24438911e-04 1.18695175e-03)
4               	(-2.65994003e+00 8.04608601e-02 4.93131599e-01)	(-2.65804549e+00 8.00636935e-02 4.91883986e-01)	(-1.89454599e-03 3.97166589e-04 1.24761249e-03)
5               	(-2.20503761e+00 5.36450377e-02 3.86487794e-01)	(-2.20355023e+00 5.31990931e-02 3.85219233e-01)	(-1.48737511e-03 4.45944667e-04 1.26856126e-03)
6               	(-1.98527237e+00 4.79551221e-02 3.57575303e-01)	(-1.98404022e+00 4.74370383e-02 3.56295507e-01)	(-1.23215215e-03 5.18083751e-04 1.27979660e-03)
7               	(-2.08166229e+00 6.77854216e-02 4.18901420e-01)	(-2.08051630e+00 6.71704890e-02 4.17595546e-01)	(-1.14599335e-03 6.14932631e-04 1.30587439e-03)
8               	(-2.32488725e+00 9.50760521e-02 5.06281710e-01)	(-2.32371989e+00 9.43658077e-02 5.04919371e-01)	(-1.16736136e-03 7.10244357e-04 1.36233937e-03)
9               	(-2.49595645e+00 1.08191918e-01 5.46098323e-01)	(-2.49472061e+00 1.07412111e-01 5.44653508e-01)	(-1.23584162e-03 7.79806763e-04 1.44481516e-03)
10              	(-2.49621304e+00 9.99377525e-02 5.15788044e-01)	(-2.49490599e+00 9.91200630e-02 5.14252076e-01)	(-1.30704596e-03 8.17689442e-04 1.53596883e-03)
11              	(-2.38014411e+00 8.03613644e-02 4.52451527e-01)	(-2.37878160e+00 7.95204061e-02 4.50834148e-01)	(-1.36251217e-03 8.40958301e-04 1.61737971e-03)
12              	(-2.26734509e+00 6.57841508e-02 4.11495516e-01)	(-2.26594702e+00 6.49140809e-02 4.09816468e-01)	(-1.39807023e-03 8.70069855e-04 1.67904753e-03)
13              	(-2.23680906e+00 6.51923065e-02 4.19265326e-01)	(-2.23539639e+00 6.42780519e-02 4.17546923e-01)	(-1.41267327e-03 9.14254564e-04 1.71840355e-03)
14              	(-2.28422069e+00 7.54161800e-02 4.59347681e-01)	(-2.28281437e+00 7.44499274e-02 4.57610600e-01)	(-1.40631974e-03 9.66252540e-04 1.73708050e-03)
15              	(-2.35174047e+00 8.65574295e-02 4.94677855e-01)	(-2.35035806e+00 8.55470741e-02 4.92937911e-01)	(-1.38240851e-03 1.01035542e-03 1.73994397e-03)
16              	(-2.38603609e+00 9.07373273e-02 5.00158985e-01)	(-2.38468791e+00 8.97001409e-02 4.98424587e-01)	(-1.34817781e-03 1.03718634e-03 1.73439789e-03)
17              	(-2.37422315e+00 8.71483132e-02 4.78776799e-01)	(-2.37291125e+00 8.60994810e-02 4.77048393e-01)	(-1.31190590e-03 1.04883221e-03 1.72840579e-03)
18              	(-2.34016235e+00 8.05448665e-02 4.52659882e-01)	(-2.33888216e+00 7.94895397e-02 4.50932086e-01)	(-1.28019863e-03 1.05532680e-03 1.72779656e-03)
19              	(-2.31580685e+00 7.63070399e-02 4.41999807e-01)	(-2.31455102e+00 7.52412138e-02 4.40265516e-01)	(-1.25582537e-03 1.06582609e-03 1.73429036e-03)
20              	(-2.31603796e+00 7.65686237e-02 4.50690998e-01)	(-2.31479915e+00 7.54853052e-02 4.48944537e-01)	(-1.23880496e-03 1.08331843e-03 1.74646089e-03)
21              	(-2.33361108e+00 7.97108940e-02 4.67582457e-01)	(-2.33238280e+00 7.86042718e-02 4.65820780e-01)	(-1.22828171e-03 1.10662213e-03 1.76167746e-03)
22              	(-2.35137237e+00 8.27171358e-02 4.78478341e-01)	(-2.35014930e+00 8.15858672e-02 4.76700150e-01)	(-1.22306924e-03 1.13126862e-03 1.77819074e-03)
23              	(-2.35758880e+00 8.37007637e-02 4.77213339e-01)	(-2.35636884e+00 8.25413482e-02 4.75416847e-01)	(-1.21995824e-03 1.15941551e-03 1.79649224e-03)
24              	(-2.35246379e+00 8.27901113e-02 4.67937190e-01)	(-2.35124872e+00 8.15956284e-02 4.66119655e-01)	(-1.21506837e-03 1.19448293e-03 1.81753497e-03)
25              	(-2.34415839e+00 8.13656165e-02 4.59405645e-01)	(-2.34295471e+00 8.01253482e-02 4.57563823e-01)	(-1.20367831e-03 1.24026824e-03 1.84182221e-03)
26              	(-2.34049135e+00 8.07176540e-02 4.57535000e-01)	(-2.33931085e+00 7.94146502e-02 4.55665554e-01)	(-1.18050502e-03 1.30300380e-03 1.86944636e-03)
27              	(-2.34358046e+00 8.11933502e-02 4.62063767e-01)	(-2.34243837e+00 7.98086749e-02 4.60163742e-01)	(-1.14208682e-03 1.38467536e-03 1.90002587e-03)
28              	(-2.35009162e+00 8.22786421e-02 4.68392494e-01)	(-2.34900266e+00 8.07957572e-02 4.66459920e-01)	(-1.08896580e-03 1.48288495e-03 1.93257476e-03)
29              	(-2.35528239e+00 8.32543985e-02 4.72005700e-01)	(-2.35426155e+00 8.16620696e-02 4.70037977e-01)	(-1.02084044e-03 1.59232895e-03 1.96772291e-03)
30              	(-2.35672817e+00 8.37523853e-02 4.71540931e-01)	(-2.35578889e+00 8.20413629e-02 4.69534733e-01)	(-9.39281443e-04 1.71102242e-03 2.00619876e-03)
31              	(-2.35524866e+00 8.38670164e-02 4.68802262e-01)	(-2.35439981e+00 8.20314796e-02 4.66754191e-01)	(-8.48845551e-04 1.83553677e-03 2.04807156e-03)
32              	(-2.35333064e+00 8.39272572e-02 4.66613042e-01)	(-2.35258382e+00 8.19538985e-02 4.64517649e-01)	(-7.46819938e-04 1.97335866e-03 2.09539307e-03)
33              	(-2.35288867e+00 8.41782509e-02 4.66573404e-01)	(-2.35225446e+00 8.20571065e-02 4.64425183e-01)	(-6.34208881e-04 2.12114433e-03 2.14822087e-03)
34              	(-2.35413253e+00 8.46565927e-02 4.68336692e-01)	(-2.35362329e+00 8.23828302e-02 4.66129684e-01)	(-5.09236687e-04 2.27376253e-03 2.20700819e-03)
35              	(-2.35598162e+00 8.52382840e-02 4.70449404e-01)	(-2.35561143e+00 8.28097456e-02 4.68177471e-01)	(-3.70182131e-04 2.42853847e-03 2.27193254e-03)
36              	(-2.35724531e+00 8.57918055e-02 4.71689404e-01)	(-2.35702866e+00 8.31997959e-02 4.69346774e-01)	(-2.16646482e-04 2.59200968e-03 2.34263007e-03)
37              	(-2.35748171e+00 8.62634571e-02 4.71823609e-01)	(-2.35743259e+00 8.34991396e-02 4.69405053e-01)	(-4.91221516e-05 2.76431752e-03 2.41855588e-03)
38              	(-2.35705733e+00 8.66816396e-02 4.71464071e-01)	(-2.35718638e+00 8.37451323e-02 4.68965706e-01)	(1.29045653e-04 2.93650731e-03 2.49836515e-03)
39              	(-2.35663254e+00 8.71155360e-02 4.71400942e-01)	(-2.35695080e+00 8.40116781e-02 4.68818868e-01)	(3.18266745e-04 3.10385798e-03 2.58207408e-03)
40              	(-2.35661381e+00 8.75875610e-02 4.72002233e-01)	(-2.35712983e+00 8.43374552e-02 4.69333244e-01)	(5.16018135e-04 3.25010575e-03 2.66898905e-03)
41              	(-2.35693837e+00 8.80778835e-02 4.73068908e-01)	(-2.35766117e+00 8.46997200e-02 4.70309394e-01)	(7.22796605e-04 3.37816347e-03 2.75951441e-03)
42              	(-2.35726355e+00 8.85258226e-02 4.74127070e-01)	(-2.35820180e+00 8.50486521e-02 4.71273267e-01)	(9.38247600e-04 3.47717054e-03 2.85380241e-03)
43              	(-2.35729146e+00 8.88993935e-02 4.74825603e-01)	(-2.35844698e+00 8.53570474e-02 4.71875942e-01)	(1.15552178e-03 3.54234611e-03 2.94966110e-03)
44              	(-2.35697384e+00 8.92036084e-02 4.75148483e-01)	(-2.35834547e+00 8.56283390e-02 4.72102275e-01)	(1.37162387e-03 3.57526936e-03 3.04620793e-03)
45              	(-2.35648006e+00 8.94719971e-02 4.75335686e-01)	(-2.35806541e+00 8.58863629e-02 4.72192626e-01)	(1.58535635e-03 3.58563421e-03 3.14306021e-03)
46              	(-2.35602504e+00 8.97298105e-02 4.75652215e-01)	(-2.35782255e+00 8.61491966e-02 4.72411845e-01)	(1.79751302e-03 3.58061390e-03 3.24036956e-03)
47              	(-2.35572272e+00 8.99770139e-02 4.76200327e-01)	(-2.35772962e+00 8.64145819e-02 4.72862597e-01)	(2.00690306e-03 3.56243196e-03 3.33772974e-03)
48              	(-2.35553541e+00 9.02007189e-02 4.76895369e-01)	(-2.35774992e+00 8.66684182e-02 4.73459831e-01)	(2.21451262e-03 3.53230067e-03 3.43553761e-03)
49              	(-2.35533974e+00 9.03947471e-02 4.77575358e-01)	(-2.35776453e+00 8.68985583e-02 4.74040104e-01)	(2.42478871e-03 3.49618887e-03 3.53525354e-03)
50              	(-2.35504520e+00 9.05556132e-02 4.78126572e-01)	(-2.35768379e+00 8.70969699e-02 4.74489331e-01)	(2.63858576e-03 3.45864328e-03 3.63724097e-03)
51              	(-2.35464533e+00 9.06861406e-02 4.78541768e-01)	(-2.35749954e+00 8.72660252e-02 4.74800827e-01)	(2.85421469e-03 3.42011541e-03 3.74094070e-03)
52              	(-2.35418932e+00 9.07981545e-02 4.78896469e-01)	(-2.35726556e+00 8.74153917e-02 4.75048607e-01)	(3.07624130e-03 3.38276279e-03 3.84786244e-03)
53              	(-2.35374287e+00 9.09012130e-02 4.79276216e-01)	(-2.35704642e+00 8.75543197e-02 4.75318633e-01)	(3.30354926e-03 3.34689336e-03 3.95758307e-03)
54              	(-2.35333728e+00 9.10001199e-02 4.79721894e-01)	(-2.35687258e+00 8.76879415e-02 4.75652294e-01)	(3.53530003e-03 3.31217848e-03 4.06960002e-03)
55              	(-2.35296609e+00 9.10951180e-02 4.80218890e-01)	(-2.35673706e+00 8.78158725e-02 4.76034948e-01)	(3.77096970e-03 3.27924553e-03 4.18394165e-03)
56              	(-2.35260065e+00 9.11847031e-02 4.80723987e-01)	(-2.35661114e+00 8.79362634e-02 4.76423422e-01)	(4.01048615e-03 3.24843965e-03 4.30056454e-03)
57              	(-2.35221649e+00 9.12677483e-02 4.81201680e-01)	(-2.35646907e+00 8.80473517e-02 4.76781980e-01)	(4.25257881e-03 3.22039653e-03 4.41970041e-03)
58              	(-2.35180390e+00 9.13429366e-02 4.81645277e-01)	(-2.35630320e+00 8.81490911e-02 4.77103423e-01)	(4.49929597e-03 3.19384551e-03 4.54185443e-03)
59              	(-2.35137156e+00 9.14103803e-02 4.82069377e-01)	(-2.35612383e+00 8.82413275e-02 4.77402487e-01)	(4.75226447e-03 3.16905283e-03 4.66689049e-03)
60              	(-2.35093646e+00 9.14706257e-02 4.82493703e-01)	(-2.35594694e+00 8.83250113e-02 4.77699243e-01)	(5.01048632e-03 3.14561445e-03 4.79446037e-03)
61              	(-2.35050661e+00 9.15264511e-02 4.82929812e-01)	(-2.35577868e+00 8.84031407e-02 4.78004981e-01)	(5.27207027e-03 3.12331039e-03 4.92483104e-03)
62              	(-2.35008179e+00 9.15802049e-02 4.83376309e-01)	(-2.35561828e+00 8.84788720e-02 4.78318459e-01)	(5.53649091e-03 3.10133295e-03 5.05784955e-03)
63              	(-2.34966012e+00 9.16344189e-02 4.83825740e-01)	(-2.35546224e+00 8.85538326e-02 4.78632370e-01)	(5.80212206e-03 3.08058637e-03 5.19336975e-03)
64              	(-2.34923836e+00 9.16882631e-02 4.84274340e-01)	(-2.35530674e+00 8.86290085e-02 4.78943022e-01)	(6.06837740e-03 3.05925463e-03 5.33131786e-03)
65              	(-2.34881971e+00 9.17405158e-02 4.84725511e-01)	(-2.35515280e+00 8.87039487e-02 4.79253232e-01)	(6.33309089e-03 3.03656709e-03 5.47227872e-03)
66              	(-2.34840816e+00 9.17912064e-02 4.85185956e-01)	(-2.35500510e+00 8.87788480e-02 4.79570187e-01)	(6.59694163e-03 3.01235840e-03 5.61576925e-03)
67              	(-2.34801069e+00 9.18408511e-02 4.85662129e-01)	(-2.35486911e+00 8.88540491e-02 4.79900432e-01)	(6.85842060e-03 2.98680198e-03 5.76169723e-03)
68              	(-2.34762966e+00 9.18882024e-02 4.86154512e-01)	(-2.35474727e+00 8.89285276e-02 4.80244717e-01)	(7.11760435e-03 2.95967481e-03 5.90979548e-03)
69              	(-2.34726328e+00 9.19311001e-02 4.86658421e-01)	(-2.35463743e+00 8.90006683e-02 4.80598720e-01)	(7.37414368e-03 2.93043179e-03 6.05970104e-03)
70              	(-2.34690754e+00 9.19692964e-02 4.87169054e-01)	(-2.35453445e+00 8.90700082e-02 4.80957866e-01)	(7.62690875e-03 2.89928827e-03 6.21118801e-03)
71              	(-2.34655935e+00 9.20032866e-02 4.87684128e-01)	(-2.35443451e+00 8.91370490e-02 4.81319919e-01)	(7.87515812e-03 2.86623754e-03 6.36420950e-03)
72              	(-2.34621926e+00 9.20336238e-02 4.88205066e-01)	(-2.35433738e+00 8.92023099e-02 4.81686280e-01)	(8.11812212e-03 2.83131396e-03 6.51878662e-03)
73              	(-2.34589020e+00 9.20605052e-02 4.88734668e-01)	(-2.35424582e+00 8.92660541e-02 4.82059936e-01)	(8.35561934e-03 2.79445116e-03 6.67473153e-03)
74              	(-2.34557460e+00 9.20835228e-02 4.89274504e-01)	(-2.35416263e+00 8.93282947e-02 4.82443055e-01)	(8.58803859e-03 2.75522808e-03 6.83144848e-03)
75              	(-2.34527523e+00 9.21026676e-02 4.89825679e-01)	(-2.35409011e+00 8.93888724e-02 4.82836980e-01)	(8.81488274e-03 2.71379522e-03 6.98869980e-03)
76              	(-2.34499375e+00 9.21185316e-02 4.90388609e-01)	(-2.35402892e+00 8.94475519e-02 4.83241446e-01)	(9.03516909e-03 2.67097971e-03 7.14716332e-03)
77              	(-2.34473011e+00 9.21303438e-02 4.90962059e-01)	(-2.35397881e+00 8.95034463e-02 4.83655413e-01)	(9.24870249e-03 2.62689754e-03 7.30664663e-03)
78              	(-2.34448260e+00 9.21367739e-02 4.91544451e-01)	(-2.35393739e+00 8.95556198e-02 4.84077304e-01)	(9.45478688e-03 2.58115409e-03 7.46714727e-03)
79              	(-2.34424827e+00 9.21372066e-02 4.92133707e-01)	(-2.35390201e+00 8.96037879e-02 4.84505154e-01)	(9.65374309e-03 2.53341874e-03 7.62855286e-03)
80              	(-2.34402593e+00 9.21327520e-02 4.92728969e-01)	(-2.35387107e+00 8.96482215e-02 4.84938008e-01)	(9.84513495e-03 2.48453056e-03 7.79096116e-03)
81              	(-2.34381662e+00 9.21225099e-02 4.93330939e-01)	(-2.35384527e+00 8.96887190e-02 4.85376493e-01)	(1.00286523e-02 2.43379085e-03 7.95444662e-03)
82              	(-2.34362047e+00 9.21067353e-02 4.93940052e-01)	(-2.35382586e+00 8.97250606e-02 4.85821310e-01)	(1.02053896e-02 2.38167464e-03 8.11874202e-03)
83              	(-2.34343874e+00 9.20848068e-02 4.94555320e-01)	(-2.35381336e+00 8.97563771e-02 4.86271600e-01)	(1.03746138e-02 2.32842970e-03 8.28371981e-03)
84              	(-2.34327125e+00 9.20564108e-02 4.95175365e-01)	(-2.35380737e+00 8.97820883e-02 4.86725974e-01)	(1.05361154e-02 2.27432244e-03 8.44939096e-03)
85              	(-2.34311704e+00 9.20207619e-02 4.95799870e-01)	(-2.35380650e+00 8.98014792e-02 4.87183575e-01)	(1.06894601e-02 2.21928269e-03 8.61629511e-03)
86              	(-2.34297329e+00 9.19780933e-02 4.96427901e-01)	(-2.35380842e+00 8.98145915e-02 4.87643630e-01)	(1.08351268e-02 2.16350176e-03 8.78427127e-03)
87              	(-2.34283912e+00 9.19283039e-02 4.97059631e-01)	(-2.35381206e+00 8.98213034e-02 4.88106041e-01)	(1.09729394e-02 2.10700047e-03 8.95358983e-03)
88              	(-2.34271476e+00 9.18712845e-02 4.97694758e-01)	(-2.35381724e+00 8.98214614e-02 4.88570256e-01)	(1.11024828e-02 2.04982311e-03 9.12450138e-03)
89              	(-2.34260029e+00 9.18069227e-02 4.98332250e-01)	(-2.35382450e+00 8.98148972e-02 4.89035620e-01)	(1.12242092e-02 1.99202555e-03 9.29663042e-03)
90              	(-2.34249648e+00 9.17347651e-02 4.98972050e-01)	(-2.35383457e+00 8.98011133e-02 4.89501676e-01)	(1.13380907e-02 1.93365180e-03 9.47037430e-03)
91              	(-2.34240291e+00 9.16543330e-02 4.99614142e-01)	(-2.35384735e+00 8.97794640e-02 4.89968133e-01)	(1.14444324e-02 1.87486904e-03 9.64600924e-03)
92              	(-2.34231877e+00 9.15658045e-02 5.00257266e-01)	(-2.35386204e+00 8.97497817e-02 4.90434111e-01)	(1.15432714e-02 1.81602276e-03 9.82315446e-03)
93              	(-2.34224343e+00 9.14689833e-02 5.00901711e-01)	(-2.35387810e+00 8.97120168e-02 4.90899756e-01)	(1.16346774e-02 1.75696651e-03 1.00019552e-02)
94              	(-2.34217611e+00 9.13641442e-02 5.01547986e-01)	(-2.35389491e+00 8.96663699e-02 4.91365025e-01)	(1.17188022e-02 1.69777436e-03 1.01829611e-02)
95              	(-2.34211706e+00 9.12504855e-02 5.02196039e-01)	(-2.35391236e+00 8.96122749e-02 4.91829810e-01)	(1.17953006e-02 1.63821057e-03 1.03662290e-02)
96              	(-2.34206624e+00 9.11282505e-02 5.02845356e-01)	(-2.35393033e+00 8.95496386e-02 4.92293470e-01)	(1.18640916e-02 1.57861193e-03 1.05518855e-02)
97              	(-2.34202270e+00 9.09976998e-02 5.03495237e-01)	(-2.35394822e+00 8.94784284e-02 4.92755611e-01)	(1.19255268e-02 1.51927141e-03 1.07396269e-02)
98              	(-2.34198606e+00 9.08587508e-02 5.04145897e-01)	(-2.35396578e+00 8.93985957e-02 4.93216258e-01)	(1.19797109e-02 1.46015510e-03 1.09296384e-02)
99              	(-2.34195636e+00 9.07113989e-02 5.04797852e-01)	(-2.35398324e+00 8.93100019e-02 4.93675728e-01)	(1.20268774e-02 1.40139703e-03 1.11221239e-02)
100             	(-2.34193436e+00 9.05555334e-02 5.05450974e-01)	(-2.35400094e+00 8.92125899e-02 4.94133680e-01)	(1.20665827e-02 1.34294355e-03 1.13172944e-02)
101             	(-2.34191996e+00 9.03914611e-02 5.06105475e-01)	(-2.35401915e+00 8.91064351e-02 4.94590143e-01)	(1.20991837e-02 1.28502605e-03 1.15153316e-02)
102             	(-2.34191312e+00 9.02191134e-02 5.06760510e-01)	(-2.35403798e+00 8.89916350e-02 4.95044430e-01)	(1.21248602e-02 1.22747844e-03 1.17160803e-02)
103             	(-2.34191343e+00 9.00388293e-02 5.07415782e-01)	(-2.35405722e+00 8.88683679e-02 4.95496416e-01)	(1.21437943e-02 1.17046143e-03 1.19193660e-02)
104             	(-2.34192066e+00 8.98510450e-02 5.08071460e-01)	(-2.35407657e+00 8.87369626e-02 4.95945921e-01)	(1.21559092e-02 1.11408241e-03 1.21255384e-02)
105             	(-2.34193453e+00 8.96560574e-02 5.08727851e-01)	(-2.35409584e+00 8.85975502e-02 4.96393161e-01)	(1.21613126e-02 1.05850720e-03 1.23346895e-02)
106             	(-2.34195499e+00 8.94539485e-02 5.09385160e-01)	(-2.35411523e+00 8.84504486e-02 4.96838486e-01)	(1.21602397e-02 1.00349993e-03 1.25466736e-02)
107             	(-2.34198289e+00 8.92449418e-02 5.10043997e-01)	(-2.35413565e+00 8.82956097e-02 4.97282226e-01)	(1.21527594e-02 9.49332081e-04 1.27617705e-02)
108             	(-2.34201897e+00 8.90294287e-02 5.10704346e-01)	(-2.35415798e+00 8.81333307e-02 4.97724279e-01)	(1.21390170e-02 8.96098017e-04 1.29800671e-02)
109             	(-2.34206428e+00 8.88077153e-02 5.11366491e-01)	(-2.35418337e+00 8.79638706e-02 4.98165017e-01)	(1.21190827e-02 8.43844738e-04 1.32014736e-02)
110             	(-2.34211973e+00 8.85802670e-02 5.12030692e-01)	(-2.35421260e+00 8.77877140e-02 4.98604436e-01)	(1.20928785e-02 7.92553010e-04 1.34262568e-02)
111             	(-2.34218516e+00 8.83472692e-02 5.12696620e-01)	(-2.35424576e+00 8.76052652e-02 4.99042570e-01)	(1.20606007e-02 7.42003934e-04 1.36540499e-02)
112             	(-2.34226000e+00 8.81095805e-02 5.13364062e-01)	(-2.35428234e+00 8.74171248e-02 4.99478941e-01)	(1.20223362e-02 6.92455654e-04 1.38851211e-02)
113             	(-2.34234432e+00 8.78672735e-02 5.14033019e-01)	(-2.35432243e+00 8.72233455e-02 4.99913501e-01)	(1.19781169e-02 6.43928068e-04 1.41195172e-02)
114             	(-2.34243793e+00 8.76205051e-02 5.14703359e-01)	(-2.35436614e+00 8.70241796e-02 5.00346139e-01)	(1.19282067e-02 5.96325529e-04 1.43572193e-02)
115             	(-2.34254096e+00 8.73700952e-02 5.15375192e-01)	(-2.35441391e+00 8.68200921e-02 5.00777070e-01)	(1.18729514e-02 5.50003101e-04 1.45981214e-02)
116             	(-2.34265431e+00 8.71166626e-02 5.16048886e-01)	(-2.35446642e+00 8.66116008e-02 5.01206300e-01)	(1.18121148e-02 5.05061827e-04 1.48425863e-02)
117             	(-2.34277781e+00 8.68605062e-02 5.16724364e-01)	(-2.35452415e+00 8.63990741e-02 5.01634090e-01)	(1.17463337e-02 4.61432102e-04 1.50902733e-02)
118             	(-2.34291180e+00 8.66019121e-02 5.17401661e-01)	(-2.35458742e+00 8.61829090e-02 5.02060479e-01)	(1.16756196e-02 4.19003155e-04 1.53411818e-02)
119             	(-2.34305653e+00 8.63410116e-02 5.18081023e-01)	(-2.35465633e+00 8.59632930e-02 5.02485429e-01)	(1.15997916e-02 3.77718545e-04 1.55955935e-02)
120             	(-2.34321192e+00 8.60783985e-02 5.18761808e-01)	(-2.35473112e+00 8.57407226e-02 5.02908605e-01)	(1.15191975e-02 3.37675895e-04 1.58532033e-02)
121             	(-2.34337794e+00 8.58147257e-02 5.19444145e-01)	(-2.35481177e+00 8.55156455e-02 5.03329993e-01)	(1.14338334e-02 2.99080179e-04 1.61141519e-02)
122             	(-2.34355421e+00 8.55506180e-02 5.20127436e-01)	(-2.35489817e+00 8.52887009e-02 5.03749157e-01)	(1.13439554e-02 2.61917105e-04 1.63782789e-02)
123             	(-2.34374075e+00 8.52864836e-02 5.20812037e-01)	(-2.35499012e+00 8.50602769e-02 5.04166166e-01)	(1.12493706e-02 2.26206694e-04 1.66458711e-02)
124             	(-2.34393668e+00 8.50226139e-02 5.21497226e-01)	(-2.35508751e+00 8.48307246e-02 5.04580815e-01)	(1.11508298e-02 1.91889359e-04 1.69164106e-02)
125             	(-2.34414211e+00 8.47589943e-02 5.22182923e-01)	(-2.35519054e+00 8.46000964e-02 5.04993292e-01)	(1.10484332e-02 1.58897857e-04 1.71896307e-02)
126             	(-2.34435714e+00 8.44960381e-02 5.22868243e-01)	(-2.35529952e+00 8.43687893e-02 5.05403333e-01)	(1.09423765e-02 1.27248794e-04 1.74649095e-02)
127             	(-2.34458173e+00 8.42342536e-02 5.23554184e-01)	(-2.35541423e+00 8.41371664e-02 5.05810946e-01)	(1.08325028e-02 9.70871859e-05 1.77432377e-02)
128             	(-2.34481532e+00 8.39740145e-02 5.24240464e-01)	(-2.35553451e+00 8.39056909e-02 5.06216045e-01)	(1.07191945e-02 6.83235981e-05 1.80244190e-02)
129             	(-2.34505832e+00 8.37155278e-02 5.24927672e-01)	(-2.35566070e+00 8.36747255e-02 5.06619202e-01)	(1.06023757e-02 4.08022826e-05 1.83084705e-02)
130             	(-2.34530953e+00 8.34587340e-02 5.25614127e-01)	(-2.35579240e+00 8.34443616e-02 5.07019882e-01)	(1.04828705e-02 1.43724480e-05 1.85942447e-02)
131             	(-2.34556738e+00 8.32035075e-02 5.26295793e-01)	(-2.35592882e+00 8.32146215e-02 5.07417326e-01)	(1.03614338e-02 -1.11140499e-05 1.88784673e-02)
132             	(-2.34582931e+00 8.29493678e-02 5.26966253e-01)	(-2.35606970e+00 8.29857715e-02 5.07811413e-01)	(1.02403881e-02 -3.64036624e-05 1.91548404e-02)
133             	(-2.34609781e+00 8.26973891e-02 5.27635504e-01)	(-2.35621563e+00 8.27580356e-02 5.08203643e-01)	(1.01178215e-02 -6.06465412e-05 1.94318619e-02)
134             	(-2.34637399e+00 8.24477432e-02 5.28305718e-01)	(-2.35636763e+00 8.25316055e-02 5.08595599e-01)	(9.99364195e-03 -8.38623313e-05 1.97101188e-02)
135             	(-2.34665752e+00 8.22007837e-02 5.28975525e-01)	(-2.35652510e+00 8.23067529e-02 5.08986743e-01)	(9.86758053e-03 -1.05969274e-04 1.99887822e-02)
136             	(-2.34694674e+00 8.19566068e-02 5.29643883e-01)	(-2.35668662e+00 8.20836971e-02 5.09375232e-01)	(9.73988288e-03 -1.27090272e-04 2.02686508e-02)
137             	(-2.34724082e+00 8.17152560e-02 5.30309697e-01)	(-2.35685110e+00 8.18624794e-02 5.09759582e-01)	(9.61027781e-03 -1.47223353e-04 2.05501151e-02)
138             	(-2.34753836e+00 8.14766013e-02 5.30971448e-01)	(-2.35701768e+00 8.16432024e-02 5.10138865e-01)	(9.47932188e-03 -1.66601036e-04 2.08325824e-02)
139             	(-2.34783965e+00 8.12410381e-02 5.31628907e-01)	(-2.35718672e+00 8.14260766e-02 5.10513450e-01)	(9.34706800e-03 -1.85038479e-04 2.11154569e-02)
140             	(-2.34814447e+00 8.10085843e-02 5.32281978e-01)	(-2.35735831e+00 8.12112494e-02 5.10883430e-01)	(9.21383958e-03 -2.02665117e-04 2.13985478e-02)
141             	(-2.34845296e+00 8.07793657e-02 5.32931576e-01)	(-2.35753215e+00 8.09986949e-02 5.11248792e-01)	(9.07919475e-03 -2.19329261e-04 2.16827839e-02)
142             	(-2.34876434e+00 8.05532662e-02 5.33577252e-01)	(-2.35770782e+00 8.07883756e-02 5.11609358e-01)	(8.94347572e-03 -2.35109459e-04 2.19678942e-02)
143             	(-2.34907793e+00 8.03300778e-02 5.34218735e-01)	(-2.35788478e+00 8.05802307e-02 5.11965034e-01)	(8.80684841e-03 -2.50152959e-04 2.22537012e-02)
144             	(-2.34939226e+00 8.01096600e-02 5.34854059e-01)	(-2.35806236e+00 8.03742902e-02 5.12315412e-01)	(8.67009940e-03 -2.64630229e-04 2.25386470e-02)
145             	(-2.34970746e+00 7.98921961e-02 5.35482781e-01)	(-2.35824069e+00 8.01707205e-02 5.12660698e-01)	(8.53323204e-03 -2.78524374e-04 2.28220823e-02)
146             	(-2.35002378e+00 7.96777500e-02 5.36107061e-01)	(-2.35841970e+00 7.99695168e-02 5.13001051e-01)	(8.39592020e-03 -2.91766809e-04 2.31060096e-02)
147             	(-2.35034072e+00 7.94657525e-02 5.36725536e-01)	(-2.35859992e+00 7.97707229e-02 5.13337111e-01)	(8.25920001e-03 -3.04970453e-04 2.33884250e-02)
148             	(-2.35065792e+00 7.92564856e-02 5.37338178e-01)	(-2.35878123e+00 7.95745389e-02 5.13668967e-01)	(8.12330820e-03 -3.18053331e-04 2.36692106e-02)
149             	(-2.35097511e+00 7.90500619e-02 5.37945742e-01)	(-2.35896298e+00 7.93809232e-02 5.13996480e-01)	(7.98787244e-03 -3.30861350e-04 2.39492617e-02)
150             	(-2.35129220e+00 7.88461785e-02 5.38548474e-01)	(-2.35914465e+00 7.91898532e-02 5.14319304e-01)	(7.85245868e-03 -3.43674661e-04 2.42291699e-02)
151             	(-2.35160805e+00 7.86448695e-02 5.39144281e-01)	(-2.35932579e+00 7.90012203e-02 5.14636706e-01)	(7.71774443e-03 -3.56350783e-04 2.45075754e-02)
152             	(-2.35192370e+00 7.84461756e-02 5.39733167e-01)	(-2.35950699e+00 7.88149896e-02 5.14948687e-01)	(7.58328502e-03 -3.68814001e-04 2.47844805e-02)
153             	(-2.35223814e+00 7.82497356e-02 5.40314470e-01)	(-2.35968806e+00 7.86311110e-02 5.15255252e-01)	(7.44992432e-03 -3.81375420e-04 2.50592178e-02)
154             	(-2.35255165e+00 7.80555486e-02 5.40888111e-01)	(-2.35986895e+00 7.84495688e-02 5.15556643e-01)	(7.31730076e-03 -3.94020165e-04 2.53314683e-02)
155             	(-2.35286014e+00 7.78627103e-02 5.41446140e-01)	(-2.36004937e+00 7.82704263e-02 5.15853123e-01)	(7.18923253e-03 -4.07716071e-04 2.55930172e-02)
156             	(-2.35316220e+00 7.76700082e-02 5.41986131e-01)	(-2.36023114e+00 7.80936258e-02 5.16146569e-01)	(7.06894830e-03 -4.23617583e-04 2.58395614e-02)
157             	(-2.35346431e+00 7.74789368e-02 5.42519444e-01)	(-2.36041538e+00 7.79191897e-02 5.16438417e-01)	(6.95106136e-03 -4.40252912e-04 2.60810267e-02)
158             	(-2.35376923e+00 7.72910976e-02 5.43051453e-01)	(-2.36060247e+00 7.77472455e-02 5.16728734e-01)	(6.83324155e-03 -4.56147918e-04 2.63227192e-02)
159             	(-2.35407580e+00 7.71063097e-02 5.43579831e-01)	(-2.36079123e+00 7.75776687e-02 5.17015393e-01)	(6.71542543e-03 -4.71359065e-04 2.65644381e-02)
160             	(-2.35438114e+00 7.69238114e-02 5.44101132e-01)	(-2.36097903e+00 7.74100982e-02 5.17295421e-01)	(6.59788235e-03 -4.86286881e-04 2.68057109e-02)
161             	(-2.35468415e+00 7.67434235e-02 5.44614158e-01)	(-2.36116467e+00 7.72443232e-02 5.17567797e-01)	(6.48051153e-03 -5.00899717e-04 2.70463605e-02)
162             	(-2.35498470e+00 7.65649002e-02 5.45118542e-01)	(-2.36134830e+00 7.70802747e-02 5.17832404e-01)	(6.36360443e-03 -5.15374452e-04 2.72861374e-02)
163             	(-2.35528320e+00 7.63886721e-02 5.45614527e-01)	(-2.36153048e+00 7.69179901e-02 5.18089445e-01)	(6.24728133e-03 -5.29317981e-04 2.75250820e-02)
164             	(-2.35557895e+00 7.62145653e-02 5.46101995e-01)	(-2.36171065e+00 7.67576446e-02 5.18338660e-01)	(6.13170568e-03 -5.43079321e-04 2.77633344e-02)
165             	(-2.35587126e+00 7.60427250e-02 5.46582074e-01)	(-2.36188770e+00 7.65992246e-02 5.18580129e-01)	(6.01644412e-03 -5.56499608e-04 2.80019445e-02)
166             	(-2.35615930e+00 7.58734292e-02 5.47054542e-01)	(-2.36206091e+00 7.64427439e-02 5.18814050e-01)	(5.90160969e-03 -5.69314716e-04 2.82404917e-02)
167             	(-2.35644349e+00 7.57064387e-02 5.47519960e-01)	(-2.36223069e+00 7.62881894e-02 5.19040806e-01)	(5.78720065e-03 -5.81750661e-04 2.84791534e-02)
168             	(-2.35672359e+00 7.55414048e-02 5.47977386e-01)	(-2.36239702e+00 7.61354221e-02 5.19259983e-01)	(5.67342947e-03 -5.94017389e-04 2.87174029e-02)
169             	(-2.35700032e+00 7.53787373e-02 5.48427311e-01)	(-2.36256038e+00 7.59843946e-02 5.19471704e-01)	(5.56006426e-03 -6.05657358e-04 2.89556065e-02)
170             	(-2.35727438e+00 7.52181241e-02 5.48869785e-01)	(-2.36272138e+00 7.58350169e-02 5.19676079e-01)	(5.44700822e-03 -6.16892812e-04 2.91937069e-02)
171             	(-2.35754601e+00 7.50592224e-02 5.49305235e-01)	(-2.36288044e+00 7.56873605e-02 5.19873779e-01)	(5.33442797e-03 -6.28138114e-04 2.94314559e-02)
172             	(-2.35781524e+00 7.49025828e-02 5.49733920e-01)	(-2.36303760e+00 7.55414407e-02 5.20065557e-01)	(5.22236972e-03 -6.38857966e-04 2.96683632e-02)
173             	(-2.35808184e+00 7.47478952e-02 5.50156748e-01)	(-2.36319301e+00 7.53972689e-02 5.20252439e-01)	(5.11116757e-03 -6.49373685e-04 2.99043095e-02)
174             	(-2.35834578e+00 7.45956088e-02 5.50574198e-01)	(-2.36334690e+00 7.52550422e-02 5.20435058e-01)	(5.00112103e-03 -6.59433354e-04 3.01391404e-02)
175             	(-2.35860925e+00 7.44455227e-02 5.50988236e-01)	(-2.36350095e+00 7.51147563e-02 5.20614629e-01)	(4.89169666e-03 -6.69233612e-04 3.03736073e-02)
176             	(-2.35887141e+00 7.42973125e-02 5.51397421e-01)	(-2.36365434e+00 7.49762574e-02 5.20789815e-01)	(4.78292737e-03 -6.78944961e-04 3.06076065e-02)
177             	(-2.35912722e+00 7.41507321e-02 5.51797062e-01)	(-2.36380229e+00 7.48393704e-02 5.20956612e-01)	(4.67506566e-03 -6.88638305e-04 3.08404498e-02)
178             	(-2.35937546e+00 7.40061439e-02 5.52187268e-01)	(-2.36394322e+00 7.47038916e-02 5.21114133e-01)	(4.56775577e-03 -6.97747646e-04 3.10731355e-02)
179             	(-2.35961753e+00 7.38628179e-02 5.52569670e-01)	(-2.36407897e+00 7.45696390e-02 5.21264155e-01)	(4.46144924e-03 -7.06821118e-04 3.13055154e-02)
180             	(-2.35985625e+00 7.37215143e-02 5.52946264e-01)	(-2.36421196e+00 7.44367869e-02 5.21408102e-01)	(4.35570830e-03 -7.15272582e-04 3.15381618e-02)
181             	(-2.36009291e+00 7.35824231e-02 5.53317746e-01)	(-2.36434360e+00 7.43055500e-02 5.21546797e-01)	(4.25069502e-03 -7.23126930e-04 3.17709493e-02)
182             	(-2.36032732e+00 7.34457862e-02 5.53683953e-01)	(-2.36447386e+00 7.41760231e-02 5.21680557e-01)	(4.14653980e-03 -7.30236854e-04 3.20033957e-02)
183             	(-2.36055806e+00 7.33112405e-02 5.54044129e-01)	(-2.36460139e+00 7.40482187e-02 5.21808864e-01)	(4.04333419e-03 -7.36978217e-04 3.22352652e-02)
184             	(-2.36078409e+00 7.31785098e-02 5.54397622e-01)	(-2.36472540e+00 7.39220195e-02 5.21931712e-01)	(3.94130921e-03 -7.43509645e-04 3.24659101e-02)
185             	(-2.36100519e+00 7.30476765e-02 5.54744699e-01)	(-2.36484582e+00 7.37973931e-02 5.22049637e-01)	(3.84063366e-03 -7.49716560e-04 3.26950623e-02)
186             	(-2.36122198e+00 7.29190335e-02 5.55086087e-01)	(-2.36496317e+00 7.36743172e-02 5.22163293e-01)	(3.74119171e-03 -7.55283732e-04 3.29227938e-02)
187             	(-2.36143516e+00 7.27916127e-02 5.55422316e-01)	(-2.36507812e+00 7.35527757e-02 5.22273230e-01)	(3.64296906e-03 -7.61162983e-04 3.31490860e-02)
188             	(-2.36164522e+00 7.26661202e-02 5.55753714e-01)	(-2.36519113e+00 7.34327797e-02 5.22379734e-01)	(3.54591129e-03 -7.66659490e-04 3.33739800e-02)
189             	(-2.36185225e+00 7.25426847e-02 5.56080622e-01)	(-2.36530238e+00 7.33142946e-02 5.22482892e-01)	(3.45012251e-03 -7.71609886e-04 3.35977307e-02)
190             	(-2.36205606e+00 7.24214532e-02 5.56402491e-01)	(-2.36541164e+00 7.31973237e-02 5.22582246e-01)	(3.35557184e-03 -7.75870519e-04 3.38202454e-02)
191             	(-2.36225640e+00 7.23024567e-02 5.56718714e-01)	(-2.36551869e+00 7.30818545e-02 5.22677390e-01)	(3.26228936e-03 -7.79397858e-04 3.40413237e-02)
192             	(-2.36245341e+00 7.21849186e-02 5.57029424e-01)	(-2.36562378e+00 7.29677211e-02 5.22768276e-01)	(3.17037044e-03 -7.82802473e-04 3.42611475e-02)
193             	(-2.36264711e+00 7.20689809e-02 5.57334914e-01)	(-2.36572671e+00 7.28547744e-02 5.22854761e-01)	(3.07959373e-03 -7.85793552e-04 3.44801528e-02)
194             	(-2.36283631e+00 7.19547062e-02 5.57633664e-01)	(-2.36582665e+00 7.27430452e-02 5.22936566e-01)	(2.99033508e-03 -7.88339036e-04 3.46970982e-02)
195             	(-2.36302080e+00 7.18417608e-02 5.57926834e-01)	(-2.36592308e+00 7.26326195e-02 5.23014115e-01)	(2.90228160e-03 -7.90858768e-04 3.49127191e-02)
196             	(-2.36320078e+00 7.17305937e-02 5.58214849e-01)	(-2.36601633e+00 7.25236476e-02 5.23088211e-01)	(2.81554182e-03 -7.93053893e-04 3.51266377e-02)
197             	(-2.36337731e+00 7.16212873e-02 5.58499082e-01)	(-2.36610726e+00 7.24160586e-02 5.23159670e-01)	(2.72994801e-03 -7.94771308e-04 3.53394121e-02)
198             	(-2.36355115e+00 7.15144430e-02 5.58779075e-01)	(-2.36619668e+00 7.23097618e-02 5.23228781e-01)	(2.64552505e-03 -7.95318784e-04 3.55502946e-02)
199             	(-2.36372230e+00 7.14097377e-02 5.59055071e-01)	(-2.36628464e+00 7.22048662e-02 5.23295562e-01)	(2.56234376e-03 -7.95128467e-04 3.57595093e-02)
200             	(-2.36389049e+00 7.13066850e-02 5.59327431e-01)	(-2.36637092e+00 7.21013564e-02 5.23359976e-01)	(2.48043186e-03 -7.94671398e-04 3.59674546e-02)
201             	(-2.36405511e+00 7.12055853e-02 5.59595913e-01)	(-2.36645492e+00 7.19991958e-02 5.23421876e-01)	(2.39980878e-03 -7.93610473e-04 3.61740370e-02)
202             	(-2.36421597e+00 7.11062594e-02 5.59860447e-01)	(-2.36653650e+00 7.18982536e-02 5.23481262e-01)	(2.32052972e-03 -7.91994201e-04 3.63791855e-02)
203             	(-2.36437316e+00 7.10085896e-02 5.60120456e-01)	(-2.36661599e+00 7.17986116e-02 5.23538304e-01)	(2.24283452e-03 -7.90021993e-04 3.65821526e-02)
204             	(-2.36452705e+00 7.09134827e-02 5.60375400e-01)	(-2.36669380e+00 7.17002950e-02 5.23593248e-01)	(2.16674772e-03 -7.86812286e-04 3.67821520e-02)
205             	(-2.36467802e+00 7.08196739e-02 5.60626287e-01)	(-2.36677011e+00 7.16031077e-02 5.23646401e-01)	(2.09209367e-03 -7.83433830e-04 3.69798859e-02)
206             	(-2.36482593e+00 7.07268456e-02 5.60873710e-01)	(-2.36684497e+00 7.15069527e-02 5.23698043e-01)	(2.01903351e-03 -7.80107067e-04 3.71756675e-02)
207             	(-2.36496996e+00 7.06354838e-02 5.61115068e-01)	(-2.36691793e+00 7.14119792e-02 5.23747749e-01)	(1.94796816e-03 -7.76495393e-04 3.73673189e-02)
208             	(-2.36511004e+00 7.05456290e-02 5.61351988e-01)	(-2.36698850e+00 7.13183659e-02 5.23795362e-01)	(1.87846439e-03 -7.72736885e-04 3.75566261e-02)
209             	(-2.36524683e+00 7.04572088e-02 5.61585554e-01)	(-2.36705703e+00 7.12260131e-02 5.23841163e-01)	(1.81019636e-03 -7.68804334e-04 3.77443910e-02)
210             	(-2.36538097e+00 7.03700535e-02 5.61816026e-01)	(-2.36712424e+00 7.11348646e-02 5.23885613e-01)	(1.74326528e-03 -7.64811162e-04 3.79304130e-02)
211             	(-2.36551338e+00 7.02846522e-02 5.62044471e-01)	(-2.36719080e+00 7.10449718e-02 5.23929012e-01)	(1.67741110e-03 -7.60319542e-04 3.81154593e-02)
212             	(-2.36564386e+00 7.02008303e-02 5.62270281e-01)	(-2.36725674e+00 7.09563033e-02 5.23971129e-01)	(1.61287517e-03 -7.55472959e-04 3.82991516e-02)
213             	(-2.36577220e+00 7.01183021e-02 5.62492322e-01)	(-2.36732178e+00 7.08688307e-02 5.24011698e-01)	(1.54958789e-03 -7.50528571e-04 3.84806237e-02)
214             	(-2.36589798e+00 7.00372779e-02 5.62711339e-01)	(-2.36738549e+00 7.07825380e-02 5.24050801e-01)	(1.48750562e-03 -7.45260156e-04 3.86605382e-02)
215             	(-2.36602095e+00 6.99578872e-02 5.62927539e-01)	(-2.36744752e+00 7.06974630e-02 5.24088509e-01)	(1.42656845e-03 -7.39575817e-04 3.88390306e-02)
216             	(-2.36614101e+00 6.98798953e-02 5.63140560e-01)	(-2.36750783e+00 7.06135547e-02 5.24124726e-01)	(1.36681936e-03 -7.33659434e-04 3.90158342e-02)
217             	(-2.36625845e+00 6.98029610e-02 5.63350772e-01)	(-2.36756671e+00 7.05307520e-02 5.24159691e-01)	(1.30826054e-03 -7.27791023e-04 3.91910817e-02)
218             	(-2.36637353e+00 6.97274323e-02 5.63558423e-01)	(-2.36762447e+00 7.04490393e-02 5.24193704e-01)	(1.25094164e-03 -7.21606976e-04 3.93647190e-02)
219             	(-2.36648644e+00 6.96529655e-02 5.63763214e-01)	(-2.36768130e+00 7.03684267e-02 5.24226755e-01)	(1.19485991e-03 -7.15461213e-04 3.95364591e-02)
220             	(-2.36659746e+00 6.95798459e-02 5.63966115e-01)	(-2.36773729e+00 7.02888504e-02 5.24258940e-01)	(1.13982799e-03 -7.09004560e-04 3.97071747e-02)
221             	(-2.36670643e+00 6.95080373e-02 5.64166869e-01)	(-2.36779225e+00 7.02103980e-02 5.24289964e-01)	(1.08581873e-03 -7.02360701e-04 3.98769042e-02)
222             	(-2.36681290e+00 6.94377728e-02 5.64364907e-01)	(-2.36784587e+00 7.01331702e-02 5.24319476e-01)	(1.03296294e-03 -6.95397393e-04 4.00454310e-02)
223             	(-2.36691687e+00 6.93689473e-02 5.64559421e-01)	(-2.36789804e+00 7.00570948e-02 5.24347378e-01)	(9.81168507e-04 -6.88147470e-04 4.02120428e-02)
224             	(-2.36701845e+00 6.93008898e-02 5.64751065e-01)	(-2.36794892e+00 6.99820275e-02 5.24374038e-01)	(9.30470219e-04 -6.81137652e-04 4.03770262e-02)
225             	(-2.36711779e+00 6.92334206e-02 5.64940452e-01)	(-2.36799868e+00 6.99079471e-02 5.24399800e-01)	(8.80897034e-04 -6.74526423e-04 4.05406520e-02)
226             	(-2.36721521e+00 6.91676213e-02 5.65128156e-01)	(-2.36804746e+00 6.98349248e-02 5.24424886e-01)	(8.32248166e-04 -6.67303513e-04 4.07032703e-02)
227             	(-2.36731058e+00 6.91032245e-02 5.65313604e-01)	(-2.36809517e+00 6.97629556e-02 5.24449137e-01)	(7.84583924e-04 -6.59731137e-04 4.08644666e-02)
228             	(-2.36740376e+00 6.90399078e-02 5.65496407e-01)	(-2.36814172e+00 6.96920013e-02 5.24472544e-01)	(7.37963377e-04 -6.52093580e-04 4.10238634e-02)
229             	(-2.36749483e+00 6.89774586e-02 5.65676907e-01)	(-2.36818725e+00 6.96218701e-02 5.24495344e-01)	(6.92420769e-04 -6.44411471e-04 4.11815635e-02)
230             	(-2.36758393e+00 6.89155102e-02 5.65855554e-01)	(-2.36823188e+00 6.95525611e-02 5.24517812e-01)	(6.47950683e-04 -6.37050962e-04 4.13377417e-02)
231             	(-2.36767112e+00 6.88537192e-02 5.66032010e-01)	(-2.36827572e+00 6.94841977e-02 5.24540072e-01)	(6.04599930e-04 -6.30478552e-04 4.14919381e-02)
232             	(-2.36775651e+00 6.87922944e-02 5.66206614e-01)	(-2.36831883e+00 6.94169420e-02 5.24562240e-01)	(5.62319965e-04 -6.24647543e-04 4.16443737e-02)
233             	(-2.36784016e+00 6.87328661e-02 5.66380174e-01)	(-2.36836110e+00 6.93509211e-02 5.24584370e-01)	(5.20938956e-04 -6.18055043e-04 4.17958039e-02)
234             	(-2.36792183e+00 6.86746766e-02 5.66551060e-01)	(-2.36840243e+00 6.92861588e-02 5.24606046e-01)	(4.80596366e-04 -6.11482187e-04 4.19450135e-02)
235             	(-2.36800168e+00 6.86176188e-02 5.66720307e-01)	(-2.36844286e+00 6.92223607e-02 5.24627324e-01)	(4.41177205e-04 -6.04741920e-04 4.20929828e-02)
236             	(-2.36807978e+00 6.85610488e-02 5.66887465e-01)	(-2.36848241e+00 6.91593427e-02 5.24648104e-01)	(4.02626524e-04 -5.98293848e-04 4.22393613e-02)
237             	(-2.36815615e+00 6.85048300e-02 5.67052817e-01)	(-2.36852113e+00 6.90971315e-02 5.24668516e-01)	(3.64980018e-04 -5.92301454e-04 4.23843001e-02)
238             	(-2.36823082e+00 6.84499971e-02 5.67215922e-01)	(-2.36855903e+00 6.90359375e-02 5.24688543e-01)	(3.28210551e-04 -5.85940421e-04 4.25273795e-02)
239             	(-2.36830389e+00 6.83960596e-02 5.67377493e-01)	(-2.36859618e+00 6.89756996e-02 5.24708388e-01)	(2.92285573e-04 -5.79640034e-04 4.26691050e-02)
240             	(-2.36837527e+00 6.83428823e-02 5.67537496e-01)	(-2.36863253e+00 6.89164238e-02 5.24728177e-01)	(2.57261702e-04 -5.73541489e-04 4.28093194e-02)
241             	(-2.36844498e+00 6.82903776e-02 5.67696095e-01)	(-2.36866812e+00 6.88580916e-02 5.24747927e-01)	(2.23134376e-04 -5.67713969e-04 4.29481686e-02)
242             	(-2.36851318e+00 6.82388677e-02 5.67852642e-01)	(-2.36870307e+00 6.88006800e-02 5.24767508e-01)	(1.89888073e-04 -5.61812292e-04 4.30851345e-02)
243             	(-2.36857985e+00 6.81881340e-02 5.68006615e-01)	(-2.36873742e+00 6.87440625e-02 5.24786936e-01)	(1.57575516e-04 -5.55928555e-04 4.32196794e-02)
244             	(-2.36864496e+00 6.81377433e-02 5.68158760e-01)	(-2.36877120e+00 6.86880823e-02 5.24806629e-01)	(1.26246296e-04 -5.50338999e-04 4.33521306e-02)
245             	(-2.36870856e+00 6.80879421e-02 5.68310497e-01)	(-2.36880436e+00 6.86327523e-02 5.24826939e-01)	(9.57984944e-05 -5.44810180e-04 4.34835577e-02)
246             	(-2.36877073e+00 6.80386516e-02 5.68461001e-01)	(-2.36883693e+00 6.85781875e-02 5.24847517e-01)	(6.62006092e-05 -5.39535955e-04 4.36134836e-02)
247             	(-2.36883157e+00 6.79901389e-02 5.68610574e-01)	(-2.36886895e+00 6.85245135e-02 5.24867984e-01)	(3.73764582e-05 -5.34374587e-04 4.37425904e-02)
248             	(-2.36889090e+00 6.79418977e-02 5.68757655e-01)	(-2.36890043e+00 6.84717843e-02 5.24887999e-01)	(9.53032420e-06 -5.29886579e-04 4.38696555e-02)
249             	(-2.36894887e+00 6.78945508e-02 5.68902948e-01)	(-2.36893142e+00 6.84199778e-02 5.24907888e-01)	(-1.74556279e-05 -5.25426999e-04 4.39950600e-02)
250             	(-2.36900555e+00 6.78483369e-02 5.69047263e-01)	(-2.36896187e+00 6.83689890e-02 5.24927976e-01)	(-4.36755850e-05 -5.20652122e-04 4.41192873e-02)
251             	(-2.36906081e+00 6.78025282e-02 5.69190199e-01)	(-2.36899180e+00 6.83186697e-02 5.24948264e-01)	(-6.90121735e-05 -5.16141555e-04 4.42419354e-02)
252             	(-2.36911461e+00 6.77565944e-02 5.69331422e-01)	(-2.36902117e+00 6.82689624e-02 5.24968696e-01)	(-9.34430160e-05 -5.12368085e-04 4.43627255e-02)
253             	(-2.36916702e+00 6.77108870e-02 5.69471326e-01)	(-2.36905000e+00 6.82199926e-02 5.24989541e-01)	(-1.17023776e-04 -5.09105631e-04 4.44817846e-02)
254             	(-2.36921814e+00 6.76659153e-02 5.69609797e-01)	(-2.36907836e+00 6.81719499e-02 5.25010956e-01)	(-1.39781603e-04 -5.06034567e-04 4.45988403e-02)
255             	(-2.36926805e+00 6.76220559e-02 5.69747589e-01)	(-2.36910633e+00 6.81247270e-02 5.25033053e-01)	(-1.61728871e-04 -5.02671082e-04 4.47145361e-02)
256             	(-2.36931674e+00 6.75786234e-02 5.69883599e-01)	(-2.36913396e+00 6.80780311e-02 5.25055552e-01)	(-1.82778492e-04 -4.99407769e-04 4.48280470e-02)
257             	(-2.36936435e+00 6.75354093e-02 5.70018070e-01)	(-2.36916128e+00 6.80317243e-02 5.25078434e-01)	(-2.03073024e-04 -4.96314962e-04 4.49396359e-02)
258             	(-2.36941067e+00 6.74922824e-02 5.70150669e-01)	(-2.36918821e+00 6.79858329e-02 5.25101717e-01)	(-2.22455448e-04 -4.93550460e-04 4.50489517e-02)
259             	(-2.36945570e+00 6.74491887e-02 5.70282097e-01)	(-2.36921469e+00 6.79405223e-02 5.25125595e-01)	(-2.41017378e-04 -4.91333575e-04 4.51565023e-02)
260             	(-2.36949934e+00 6.74065084e-02 5.70411458e-01)	(-2.36924067e+00 6.78959617e-02 5.25150148e-01)	(-2.58670524e-04 -4.89453307e-04 4.52613102e-02)
261             	(-2.36954177e+00 6.73648201e-02 5.70539630e-01)	(-2.36926625e+00 6.78521930e-02 5.25175770e-01)	(-2.75518062e-04 -4.87372869e-04 4.53638598e-02)
262             	(-2.36958318e+00 6.73240224e-02 5.70667940e-01)	(-2.36929147e+00 6.78089939e-02 5.25202601e-01)	(-2.91717393e-04 -4.84971565e-04 4.54653386e-02)
263             	(-2.36962366e+00 6.72830777e-02 5.70795522e-01)	(-2.36931641e+00 6.77661842e-02 5.25230250e-01)	(-3.07247971e-04 -4.83106565e-04 4.55652724e-02)
264             	(-2.36966313e+00 6.72424159e-02 5.70921585e-01)	(-2.36934104e+00 6.77238677e-02 5.25258334e-01)	(-3.22092299e-04 -4.81451811e-04 4.56632511e-02)
265             	(-2.36970154e+00 6.72018824e-02 5.71045936e-01)	(-2.36936536e+00 6.76821493e-02 5.25286748e-01)	(-3.36179063e-04 -4.80266923e-04 4.57591875e-02)
266             	(-2.36973893e+00 6.71613964e-02 5.71168777e-01)	(-2.36938939e+00 6.76411279e-02 5.25315615e-01)	(-3.49548316e-04 -4.79731508e-04 4.58531625e-02)
267             	(-2.36977542e+00 6.71213496e-02 5.71290677e-01)	(-2.36941317e+00 6.76008444e-02 5.25345202e-01)	(-3.62247259e-04 -4.79494777e-04 4.59454756e-02)
268             	(-2.36981085e+00 6.70819111e-02 5.71411532e-01)	(-2.36943663e+00 6.75612489e-02 5.25375567e-01)	(-3.74221587e-04 -4.79337784e-04 4.60359649e-02)
269             	(-2.36984539e+00 6.70431348e-02 5.71531656e-01)	(-2.36945976e+00 6.75221433e-02 5.25406807e-01)	(-3.85634508e-04 -4.79008529e-04 4.61248487e-02)
270             	(-2.36987899e+00 6.70049575e-02 5.71650827e-01)	(-2.36948260e+00 6.74833530e-02 5.25438836e-01)	(-3.96394210e-04 -4.78395481e-04 4.62119916e-02)
271             	(-2.36991189e+00 6.69672060e-02 5.71768965e-01)	(-2.36950521e+00 6.74447968e-02 5.25471515e-01)	(-4.06679170e-04 -4.77590739e-04 4.62974498e-02)
272             	(-2.36994391e+00 6.69302753e-02 5.71885858e-01)	(-2.36952758e+00 6.74065251e-02 5.25504764e-01)	(-4.16327530e-04 -4.76249830e-04 4.63810943e-02)
273             	(-2.36997504e+00 6.68940668e-02 5.72001286e-01)	(-2.36954962e+00 6.73685292e-02 5.25538639e-01)	(-4.25418304e-04 -4.74462430e-04 4.64626478e-02)
274             	(-2.37000529e+00 6.68582486e-02 5.72116270e-01)	(-2.36957130e+00 6.73308206e-02 5.25573279e-01)	(-4.33983933e-04 -4.72572022e-04 4.65429913e-02)
275             	(-2.37003468e+00 6.68227118e-02 5.72228842e-01)	(-2.36959266e+00 6.72934784e-02 5.25608438e-01)	(-4.42028506e-04 -4.70766660e-04 4.66204041e-02)
276             	(-2.37006332e+00 6.67882022e-02 5.72340112e-01)	(-2.36961375e+00 6.72565718e-02 5.25644365e-01)	(-4.49572214e-04 -4.68369651e-04 4.66957468e-02)
277             	(-2.37009123e+00 6.67547339e-02 5.72450729e-01)	(-2.36963462e+00 6.72200364e-02 5.25681252e-01)	(-4.56616604e-04 -4.65302443e-04 4.67694766e-02)
278             	(-2.37011838e+00 6.67221693e-02 5.72559292e-01)	(-2.36965528e+00 6.71837454e-02 5.25718946e-01)	(-4.63094638e-04 -4.61576096e-04 4.68403462e-02)
279             	(-2.37014486e+00 6.66901065e-02 5.72667297e-01)	(-2.36967575e+00 6.71476727e-02 5.25757551e-01)	(-4.69104556e-04 -4.57566210e-04 4.69097461e-02)
280             	(-2.37017048e+00 6.66587065e-02 5.72773348e-01)	(-2.36969597e+00 6.71119460e-02 5.25796933e-01)	(-4.74508076e-04 -4.53239526e-04 4.69764153e-02)
281             	(-2.37019535e+00 6.66281950e-02 5.72877885e-01)	(-2.36971597e+00 6.70766917e-02 5.25837208e-01)	(-4.79380212e-04 -4.48496781e-04 4.70406767e-02)
282             	(-2.37021957e+00 6.65984904e-02 5.72981741e-01)	(-2.36973582e+00 6.70418676e-02 5.25878442e-01)	(-4.83751964e-04 -4.43377223e-04 4.71032988e-02)
283             	(-2.37024308e+00 6.65695217e-02 5.73083321e-01)	(-2.36975548e+00 6.70074565e-02 5.25920395e-01)	(-4.87599624e-04 -4.37934793e-04 4.71629260e-02)
284             	(-2.37026587e+00 6.65410741e-02 5.73183277e-01)	(-2.36977495e+00 6.69734992e-02 5.25963285e-01)	(-4.90915547e-04 -4.32425099e-04 4.72199925e-02)
285             	(-2.37028803e+00 6.65132621e-02 5.73282824e-01)	(-2.36979428e+00 6.69400319e-02 5.26007257e-01)	(-4.93746666e-04 -4.26769733e-04 4.72755670e-02)
286             	(-2.37030957e+00 6.64864269e-02 5.73381547e-01)	(-2.36981347e+00 6.69070784e-02 5.26052006e-01)	(-4.96109558e-04 -4.20651457e-04 4.73295416e-02)
287             	(-2.37033047e+00 6.64604051e-02 5.73478756e-01)	(-2.36983248e+00 6.68745456e-02 5.26097201e-01)	(-4.97992940e-04 -4.14140573e-04 4.73815551e-02)
288             	(-2.37035076e+00 6.64348592e-02 5.73575383e-01)	(-2.36985130e+00 6.68424480e-02 5.26142831e-01)	(-4.99461099e-04 -4.07588749e-04 4.74325520e-02)
289             	(-2.37037032e+00 6.64096038e-02 5.73670345e-01)	(-2.36986989e+00 6.68108783e-02 5.26188711e-01)	(-5.00435307e-04 -4.01274519e-04 4.74816341e-02)
290             	(-2.37038920e+00 6.63852324e-02 5.73763829e-01)	(-2.36988826e+00 6.67800171e-02 5.26234929e-01)	(-5.00936881e-04 -3.94784696e-04 4.75288991e-02)
291             	(-2.37040752e+00 6.63618961e-02 5.73857123e-01)	(-2.36990651e+00 6.67498198e-02 5.26281582e-01)	(-5.01011255e-04 -3.87923702e-04 4.75755415e-02)
292             	(-2.37042531e+00 6.63394790e-02 5.73949171e-01)	(-2.36992463e+00 6.67200732e-02 5.26328384e-01)	(-5.00681024e-04 -3.80594193e-04 4.76207871e-02)
293             	(-2.37044251e+00 6.63187296e-02 5.74038948e-01)	(-2.36994259e+00 6.66906740e-02 5.26375187e-01)	(-4.99922749e-04 -3.71944314e-04 4.76637610e-02)
294             	(-2.37045914e+00 6.62989745e-02 5.74127010e-01)	(-2.36996041e+00 6.66615480e-02 5.26422237e-01)	(-4.98730078e-04 -3.62573449e-04 4.77047722e-02)
295             	(-2.37047520e+00 6.62800789e-02 5.74215093e-01)	(-2.36997806e+00 6.66326631e-02 5.26469953e-01)	(-4.97139583e-04 -3.52584187e-04 4.77451404e-02)
296             	(-2.37049067e+00 6.62618599e-02 5.74302814e-01)	(-2.36999553e+00 6.66039956e-02 5.26518044e-01)	(-4.95144591e-04 -3.42135676e-04 4.77847703e-02)
297             	(-2.37050558e+00 6.62443399e-02 5.74389933e-01)	(-2.37001283e+00 6.65755629e-02 5.26566055e-01)	(-4.92755444e-04 -3.31223074e-04 4.78238780e-02)
298             	(-2.37051995e+00 6.62276369e-02 5.74476110e-01)	(-2.37002998e+00 6.65474654e-02 5.26613613e-01)	(-4.89974353e-04 -3.19828412e-04 4.78624972e-02)
299             	(-2.37053372e+00 6.62117326e-02 5.74560825e-01)	(-2.37004693e+00 6.65198574e-02 5.26660557e-01)	(-4.86790098e-04 -3.08124807e-04 4.79002684e-02)
300             	(-2.37054690e+00 6.61968027e-02 5.74643864e-01)	(-2.37006368e+00 6.64927998e-02 5.26706926e-01)	(-4.83219548e-04 -2.95997089e-04 4.79369387e-02)
301             	(-2.37055955e+00 6.61829899e-02 5.74725927e-01)	(-2.37008026e+00 6.64662125e-02 5.26752999e-01)	(-4.79292204e-04 -2.83222556e-04 4.79729278e-02)
302             	(-2.37057167e+00 6.61697839e-02 5.74807548e-01)	(-2.37009665e+00 6.64399357e-02 5.26798770e-01)	(-4.75019704e-04 -2.70151804e-04 4.80087776e-02)
303             	(-2.37058324e+00 6.61573748e-02 5.74888498e-01)	(-2.37011283e+00 6.64139296e-02 5.26844112e-01)	(-4.70417637e-04 -2.56554741e-04 4.80443866e-02)
304             	(-2.37059430e+00 6.61458463e-02 5.74968609e-01)	(-2.37012874e+00 6.63882843e-02 5.26888922e-01)	(-4.65558623e-04 -2.42437971e-04 4.80796871e-02)
305             	(-2.37060474e+00 6.61352952e-02 5.75047613e-01)	(-2.37014439e+00 6.63630823e-02 5.26933127e-01)	(-4.60357287e-04 -2.27787105e-04 4.81144863e-02)
306             	(-2.37061466e+00 6.61254785e-02 5.75125813e-01)	(-2.37015983e+00 6.63383129e-02 5.26976804e-01)	(-4.54828022e-04 -2.12834400e-04 4.81490094e-02)
307             	(-2.37062409e+00 6.61161786e-02 5.75202986e-01)	(-2.37017512e+00 6.63139737e-02 5.27019917e-01)	(-4.48971247e-04 -1.97795100e-04 4.81830697e-02)
308             	(-2.37063309e+00 6.61078676e-02 5.75279126e-01)	(-2.37019028e+00 6.62900920e-02 5.27062425e-01)	(-4.42808817e-04 -1.82224396e-04 4.82167005e-02)
309             	(-2.37064166e+00 6.61004302e-02 5.75354211e-01)	(-2.37020531e+00 6.62665921e-02 5.27104380e-01)	(-4.36345909e-04 -1.66161936e-04 4.82498310e-02)
310             	(-2.37064983e+00 6.60936476e-02 5.75428629e-01)	(-2.37022025e+00 6.62433951e-02 5.27145819e-01)	(-4.29584728e-04 -1.49747527e-04 4.82828101e-02)
311             	(-2.37065760e+00 6.60874498e-02 5.75502230e-01)	(-2.37023507e+00 6.62205335e-02 5.27186572e-01)	(-4.22524860e-04 -1.33083715e-04 4.83156575e-02)
312             	(-2.37066492e+00 6.60819678e-02 5.75575037e-01)	(-2.37024975e+00 6.61980528e-02 5.27226539e-01)	(-4.15162272e-04 -1.16085034e-04 4.83484983e-02)
313             	(-2.37067169e+00 6.60775365e-02 5.75646192e-01)	(-2.37026420e+00 6.61759451e-02 5.27265574e-01)	(-4.07491204e-04 -9.84086473e-05 4.83806172e-02)
314             	(-2.37067789e+00 6.60738528e-02 5.75716239e-01)	(-2.37027837e+00 6.61541230e-02 5.27303832e-01)	(-3.99523341e-04 -8.02702431e-05 4.84124066e-02)
315             	(-2.37068362e+00 6.60707905e-02 5.75785483e-01)	(-2.37029228e+00 6.61326177e-02 5.27341426e-01)	(-3.91338245e-04 -6.18271827e-05 4.84440572e-02)
316             	(-2.37068880e+00 6.60685990e-02 5.75853730e-01)	(-2.37030591e+00 6.61115492e-02 5.27378368e-01)	(-3.82890013e-04 -4.29501949e-05 4.84753616e-02)
317             	(-2.37069347e+00 6.60669189e-02 5.75921209e-01)	(-2.37031930e+00 6.60909734e-02 5.27414659e-01)	(-3.74168528e-04 -2.40545103e-05 4.85065498e-02)
318             	(-2.37069785e+00 6.60659779e-02 5.75987837e-01)	(-2.37033257e+00 6.60709776e-02 5.27450371e-01)	(-3.65280636e-04 -4.99968286e-06 4.85374660e-02)
319             	(-2.37070183e+00 6.60659766e-02 5.76053817e-01)	(-2.37034569e+00 6.60516033e-02 5.27485477e-01)	(-3.56140810e-04 1.43733837e-05 4.85683402e-02)
320             	(-2.37070533e+00 6.60666865e-02 5.76119142e-01)	(-2.37035860e+00 6.60327534e-02 5.27519847e-01)	(-3.46735606e-04 3.39330345e-05 4.85992946e-02)
321             	(-2.37070837e+00 6.60680473e-02 5.76183669e-01)	(-2.37037129e+00 6.60143211e-02 5.27553293e-01)	(-3.37076645e-04 5.37261897e-05 4.86303763e-02)
322             	(-2.37071109e+00 6.60697978e-02 5.76247278e-01)	(-2.37038381e+00 6.59962044e-02 5.27585696e-01)	(-3.27275931e-04 7.35933532e-05 4.86615815e-02)
323             	(-2.37071346e+00 6.60719436e-02 5.76309927e-01)	(-2.37039618e+00 6.59784186e-02 5.27616979e-01)	(-3.17283327e-04 9.35250862e-05 4.86929485e-02)
324             	(-2.37071539e+00 6.60746123e-02 5.76371746e-01)	(-2.37040834e+00 6.59610513e-02 5.27647221e-01)	(-3.07045322e-04 1.13561055e-04 4.87245252e-02)
325             	(-2.37071685e+00 6.60777418e-02 5.76432872e-01)	(-2.37042027e+00 6.59441069e-02 5.27676523e-01)	(-2.96575257e-04 1.33634888e-04 4.87563499e-02)
326             	(-2.37071790e+00 6.60813069e-02 5.76493300e-01)	(-2.37043198e+00 6.59276080e-02 5.27704936e-01)	(-2.85917426e-04 1.53698872e-04 4.87883633e-02)
327             	(-2.37071857e+00 6.60853213e-02 5.76553066e-01)	(-2.37044352e+00 6.59115297e-02 5.27732514e-01)	(-2.75050811e-04 1.73791597e-04 4.88205526e-02)
328             	(-2.37071895e+00 6.60897766e-02 5.76612153e-01)	(-2.37045498e+00 6.58957634e-02 5.27759243e-01)	(-2.63964221e-04 1.94013209e-04 4.88529099e-02)
329             	(-2.37071901e+00 6.60944842e-02 5.76670563e-01)	(-2.37046638e+00 6.58802195e-02 5.27785127e-01)	(-2.52626786e-04 2.14264648e-04 4.88854366e-02)
330             	(-2.37071874e+00 6.60994232e-02 5.76728175e-01)	(-2.37047768e+00 6.58648564e-02 5.27810153e-01)	(-2.41059068e-04 2.34566734e-04 4.89180218e-02)
331             	(-2.37071815e+00 6.61047003e-02 5.76784781e-01)	(-2.37048883e+00 6.58497389e-02 5.27834347e-01)	(-2.29326472e-04 2.54961386e-04 4.89504339e-02)
332             	(-2.37071720e+00 6.61103873e-02 5.76840592e-01)	(-2.37049977e+00 6.58349867e-02 5.27857872e-01)	(-2.17434693e-04 2.75400534e-04 4.89827207e-02)
333             	(-2.37071586e+00 6.61165013e-02 5.76895908e-01)	(-2.37051049e+00 6.58206653e-02 5.27880785e-01)	(-2.05363385e-04 2.95835991e-04 4.90151229e-02)
334             	(-2.37071422e+00 6.61230445e-02 5.76950641e-01)	(-2.37052108e+00 6.58067131e-02 5.27902996e-01)	(-1.93141531e-04 3.16331406e-04 4.90476446e-02)
335             	(-2.37071229e+00 6.61300421e-02 5.77004497e-01)	(-2.37053154e+00 6.57930686e-02 5.27924380e-01)	(-1.80747940e-04 3.36973506e-04 4.90801171e-02)
336             	(-2.37071005e+00 6.61373619e-02 5.77057639e-01)	(-2.37054188e+00 6.57796907e-02 5.27944911e-01)	(-1.68176028e-04 3.57671258e-04 4.91127277e-02)
337             	(-2.37070749e+00 6.61449824e-02 5.77110130e-01)	(-2.37055205e+00 6.57666031e-02 5.27964650e-01)	(-1.55431465e-04 3.78379247e-04 4.91454797e-02)
338             	(-2.37070462e+00 6.61529098e-02 5.77162008e-01)	(-2.37056207e+00 6.57538107e-02 5.27983650e-01)	(-1.42550063e-04 3.99099043e-04 4.91783582e-02)
339             	(-2.37070142e+00 6.61611315e-02 5.77213257e-01)	(-2.37057191e+00 6.57413042e-02 5.28001915e-01)	(-1.29508369e-04 4.19827354e-04 4.92113423e-02)
340             	(-2.37069785e+00 6.61696274e-02 5.77263877e-01)	(-2.37058157e+00 6.57290724e-02 5.28019472e-01)	(-1.16281877e-04 4.40555007e-04 4.92444047e-02)
