# Force         
# CofR          : (0.00000000e+00 0.00000000e+00 0.00000000e+00)
#
# Time          	(total_x total_y total_z)	(pressure_x pressure_y pressure_z)	(viscous_x viscous_y viscous_z)
1               	(7.22187005e-02 3.44754032e+00 -1.10701281e-01)	(7.19267327e-02 3.44523992e+00 -1.10405197e-01)	(2.91967753e-04 2.30039768e-03 -2.96084130e-04)
2               	(8.88100454e-02 4.12539125e+00 -1.24954157e-01)	(8.83860678e-02 4.12148953e+00 -1.24540485e-01)	(4.23977578e-04 3.90172235e-03 -4.13672273e-04)
3               	(8.14881059e-02 4.23555976e+00 -1.36857924e-01)	(8.07755839e-02 4.23140770e+00 -1.36544192e-01)	(7.12522024e-04 4.15206370e-03 -3.13732042e-04)
4               	(3.12854145e-02 3.91785642e+00 -1.51934746e-01)	(3.03892127e-02 3.91422714e+00 -1.51778931e-01)	(8.96201802e-04 3.62928531e-03 -1.55814719e-04)
5               	(-2.25697391e-02 3.53486613e+00 -1.62404616e-01)	(-2.36030469e-02 3.53189997e+00 -1.62383045e-01)	(1.03330784e-03 2.96615625e-03 -2.15716882e-05)
6               	(-3.28407850e-02 3.36984279e+00 -1.59405936e-01)	(-3.40306323e-02 3.36731098e+00 -1.59476576e-01)	(1.18984726e-03 2.53181269e-03 7.06402720e-05)
7               	(8.18591066e-03 3.45716209e+00 -1.43537958e-01)	(6.81483193e-03 3.45478894e+00 -1.43660765e-01)	(1.37107873e-03 2.37315003e-03 1.22807163e-04)
8               	(6.44954469e-02 3.64922641e+00 -1.25712500e-01)	(6.29515620e-02 3.64683406e+00 -1.25863326e-01)	(1.54388484e-03 2.39235167e-03 1.50826665e-04)
9               	(9.27428579e-02 3.78306916e+00 -1.18303561e-01)	(9.10746326e-02 3.78058073e+00 -1.18472845e-01)	(1.66822531e-03 2.48843173e-03 1.69284205e-04)
10              	(7.78179971e-02 3.79180961e+00 -1.24570139e-01)	(7.60820820e-02 3.78921656e+00 -1.24756378e-01)	(1.73591510e-03 2.59305461e-03 1.86239682e-04)
11              	(3.90756715e-02 3.71543942e+00 -1.37607818e-01)	(3.72972571e-02 3.71276176e+00 -1.37816799e-01)	(1.77841441e-03 2.67765421e-03 2.08980519e-04)
12              	(9.26925510e-03 3.63632413e+00 -1.46817646e-01)	(7.43603902e-03 3.63358841e+00 -1.47057773e-01)	(1.83321608e-03 2.73571418e-03 2.40126725e-04)
13              	(7.35806565e-03 3.60814999e+00 -1.46665909e-01)	(5.44094345e-03 3.60538283e+00 -1.46943411e-01)	(1.91712219e-03 2.76716249e-03 2.77501914e-04)
14              	(2.80069016e-02 3.63181793e+00 -1.39250863e-01)	(2.59883391e-02 3.62904463e+00 -1.39563188e-01)	(2.01856255e-03 2.77330040e-03 3.12325455e-04)
15              	(5.17181588e-02 3.67508069e+00 -1.31233405e-01)	(4.96067048e-02 3.67232164e+00 -1.31570316e-01)	(2.11145399e-03 2.75904894e-03 3.36911465e-04)
16              	(6.20509896e-02 3.70507330e+00 -1.28028636e-01)	(5.98683196e-02 3.70234191e+00 -1.28380373e-01)	(2.18267004e-03 2.73138976e-03 3.51737282e-04)
17              	(5.62116560e-02 3.70905174e+00 -1.30263623e-01)	(5.39740646e-02 3.70635556e+00 -1.30623153e-01)	(2.23759137e-03 2.69618003e-03 3.59529873e-04)
18              	(4.31328725e-02 3.69486802e+00 -1.34627278e-01)	(4.08347828e-02 3.69221376e+00 -1.34994780e-01)	(2.29808969e-03 2.65426460e-03 3.67502394e-04)
19              	(3.39700267e-02 3.67872956e+00 -1.37289268e-01)	(3.15877035e-02 3.67612304e+00 -1.37672248e-01)	(2.38232325e-03 2.60651967e-03 3.82980095e-04)
20              	(3.39124667e-02 3.67232238e+00 -1.36681773e-01)	(3.14179832e-02 3.66976843e+00 -1.37090536e-01)	(2.49448354e-03 2.55395764e-03 4.08762670e-04)
21              	(4.05759416e-02 3.67741983e+00 -1.33754708e-01)	(3.79413142e-02 3.67492086e+00 -1.34201603e-01)	(2.63462741e-03 2.49896363e-03 4.46895273e-04)
22              	(4.79541720e-02 3.68802042e+00 -1.30750143e-01)	(4.51591466e-02 3.68557823e+00 -1.31246288e-01)	(2.79502534e-03 2.44219541e-03 4.96144763e-04)
23              	(5.15457148e-02 3.69659994e+00 -1.29205815e-01)	(4.85724956e-02 3.69421920e+00 -1.29760201e-01)	(2.97321922e-03 2.38073988e-03 5.54386046e-04)
24              	(5.08780314e-02 3.69932635e+00 -1.29187682e-01)	(4.77040033e-02 3.69702049e+00 -1.29806324e-01)	(3.17402811e-03 2.30585332e-03 6.18641751e-04)
25              	(4.84511574e-02 3.69711891e+00 -1.29718729e-01)	(4.50472724e-02 3.69491202e+00 -1.30407123e-01)	(3.40388503e-03 2.20689042e-03 6.88394268e-04)
26              	(4.71047699e-02 3.69362176e+00 -1.29756248e-01)	(4.34343627e-02 3.69154801e+00 -1.30522460e-01)	(3.67040718e-03 2.07375218e-03 7.66211480e-04)
27              	(4.80641742e-02 3.69225472e+00 -1.28861156e-01)	(4.40836988e-02 3.69035326e+00 -1.29717978e-01)	(3.98047541e-03 1.90146419e-03 8.56821342e-04)
28              	(5.06813614e-02 3.69411361e+00 -1.27321878e-01)	(4.63599152e-02 3.69242225e+00 -1.28280827e-01)	(4.32144618e-03 1.69135480e-03 9.58949183e-04)
29              	(5.35101485e-02 3.69778343e+00 -1.25749293e-01)	(4.88295348e-02 3.69633838e+00 -1.26819015e-01)	(4.68061372e-03 1.44504467e-03 1.06972233e-03)
30              	(5.55021993e-02 3.70082139e+00 -1.24544325e-01)	(5.04622334e-02 3.69964843e+00 -1.25727225e-01)	(5.03996587e-03 1.17296020e-03 1.18289953e-03)
31              	(5.65688455e-02 3.70161731e+00 -1.23712735e-01)	(5.11529296e-02 3.70074372e+00 -1.25015128e-01)	(5.41591581e-03 8.73598866e-04 1.30239301e-03)
32              	(5.72542980e-02 3.70025517e+00 -1.23012103e-01)	(5.14525735e-02 3.69970271e+00 -1.24434415e-01)	(5.80172448e-03 5.52462024e-04 1.42231282e-03)
33              	(5.81629250e-02 3.69809268e+00 -1.22214413e-01)	(5.19855787e-02 3.69787616e+00 -1.23747401e-01)	(6.17734635e-03 2.16519291e-04 1.53298841e-03)
34              	(5.95224763e-02 3.69661400e+00 -1.21245131e-01)	(5.30280802e-02 3.69674456e+00 -1.22861348e-01)	(6.49439608e-03 -1.30560689e-04 1.61621769e-03)
35              	(6.12029810e-02 3.69643840e+00 -1.20186850e-01)	(5.44714651e-02 3.69692399e+00 -1.21851645e-01)	(6.73151590e-03 -4.85593522e-04 1.66479500e-03)
36              	(6.29003205e-02 3.69710524e+00 -1.19191819e-01)	(5.60261660e-02 3.69794163e+00 -1.20867265e-01)	(6.87415452e-03 -8.36395254e-04 1.67544551e-03)
37              	(6.44067215e-02 3.69760838e+00 -1.18351131e-01)	(5.74733356e-02 3.69878152e+00 -1.20004591e-01)	(6.93338591e-03 -1.17313374e-03 1.65345961e-03)
38              	(6.56930905e-02 3.69721430e+00 -1.17659367e-01)	(5.87503042e-02 3.69871734e+00 -1.19270509e-01)	(6.94278631e-03 -1.50304220e-03 1.61114189e-03)
39              	(6.68297618e-02 3.69595245e+00 -1.17071763e-01)	(5.99113117e-02 3.69776867e+00 -1.18622943e-01)	(6.91845007e-03 -1.81621610e-03 1.55117986e-03)
40              	(6.79305468e-02 3.69438954e+00 -1.16522187e-01)	(6.10572759e-02 3.69651102e+00 -1.18004588e-01)	(6.87327094e-03 -2.12148907e-03 1.48240187e-03)
41              	(6.89504416e-02 3.69315818e+00 -1.16023683e-01)	(6.21440469e-02 3.69556280e+00 -1.17424569e-01)	(6.80639469e-03 -2.40461878e-03 1.40088605e-03)
42              	(6.97869843e-02 3.69244552e+00 -1.15604985e-01)	(6.30552845e-02 3.69512694e+00 -1.16922980e-01)	(6.73169978e-03 -2.68142023e-03 1.31799508e-03)
43              	(7.03710927e-02 3.69200931e+00 -1.15295495e-01)	(6.37183416e-02 3.69496524e+00 -1.16521475e-01)	(6.65275107e-03 -2.95592516e-03 1.22597968e-03)
44              	(7.07442262e-02 3.69146896e+00 -1.15084962e-01)	(6.41726926e-02 3.69470101e+00 -1.16205443e-01)	(6.57153358e-03 -3.23204833e-03 1.12048163e-03)
45              	(7.10177626e-02 3.69060785e+00 -1.14922977e-01)	(6.45283095e-02 3.69413366e+00 -1.15928806e-01)	(6.48945310e-03 -3.52581049e-03 1.00582892e-03)
46              	(7.12876322e-02 3.68948202e+00 -1.14729411e-01)	(6.48705328e-02 3.69333789e+00 -1.15647356e-01)	(6.41709940e-03 -3.85586943e-03 9.17944767e-04)
47              	(7.15526940e-02 3.68832649e+00 -1.14541897e-01)	(6.52119129e-02 3.69254609e+00 -1.15357843e-01)	(6.34078117e-03 -4.21960474e-03 8.15945293e-04)
48              	(7.17890643e-02 3.68736977e+00 -1.14342723e-01)	(6.55300411e-02 3.69196825e+00 -1.15082402e-01)	(6.25902318e-03 -4.59848281e-03 7.39679121e-04)
49              	(7.19786063e-02 3.68666672e+00 -1.14167388e-01)	(6.58007424e-02 3.69165510e+00 -1.14840736e-01)	(6.17786388e-03 -4.98838315e-03 6.73348088e-04)
50              	(7.21233319e-02 3.68610564e+00 -1.14018373e-01)	(6.60187948e-02 3.69149257e+00 -1.14641133e-01)	(6.10453710e-03 -5.38693056e-03 6.22759388e-04)
51              	(7.22182620e-02 3.68552731e+00 -1.13897865e-01)	(6.61967748e-02 3.69132276e+00 -1.14471019e-01)	(6.02148723e-03 -5.79545177e-03 5.73154324e-04)
52              	(7.22772762e-02 3.68484471e+00 -1.13779424e-01)	(6.63625501e-02 3.69104928e+00 -1.14311129e-01)	(5.91472603e-03 -6.20457875e-03 5.31704550e-04)
53              	(7.23094377e-02 3.68408362e+00 -1.13679353e-01)	(6.65427463e-02 3.69068875e+00 -1.14149207e-01)	(5.76669132e-03 -6.60513450e-03 4.69854459e-04)
54              	(7.23499302e-02 3.68331238e+00 -1.13572708e-01)	(6.67580496e-02 3.69031714e+00 -1.13981956e-01)	(5.59188056e-03 -7.00475794e-03 4.09248146e-04)
55              	(7.24018803e-02 3.68260611e+00 -1.13486496e-01)	(6.70096211e-02 3.69000794e+00 -1.13816286e-01)	(5.39225920e-03 -7.40183688e-03 3.29790323e-04)
56              	(7.24569549e-02 3.68199681e+00 -1.13416249e-01)	(6.72895525e-02 3.68978601e+00 -1.13649861e-01)	(5.16740235e-03 -7.78920745e-03 2.33611972e-04)
57              	(7.25244541e-02 3.68144612e+00 -1.13335542e-01)	(6.75868259e-02 3.68962038e+00 -1.13472336e-01)	(4.93762825e-03 -8.17426026e-03 1.36793944e-04)
58              	(7.25992090e-02 3.68089877e+00 -1.13241303e-01)	(6.78909048e-02 3.68945970e+00 -1.13278943e-01)	(4.70830415e-03 -8.56092238e-03 3.76398555e-05)
59              	(7.26641892e-02 3.68033395e+00 -1.13134046e-01)	(6.81885031e-02 3.68927639e+00 -1.13070825e-01)	(4.47568610e-03 -8.94243585e-03 -6.32210633e-05)
60              	(7.27154946e-02 3.67976076e+00 -1.13024477e-01)	(6.84751394e-02 3.68907417e+00 -1.12850840e-01)	(4.24035522e-03 -9.31341251e-03 -1.73637220e-04)
61              	(7.27648518e-02 3.67919188e+00 -1.12899100e-01)	(6.87562757e-02 3.68887115e+00 -1.12620634e-01)	(4.00857607e-03 -9.67927381e-03 -2.78466815e-04)
62              	(7.28177328e-02 3.67865516e+00 -1.12766797e-01)	(6.90341575e-02 3.68869652e+00 -1.12382864e-01)	(3.78357528e-03 -1.00413617e-02 -3.83933067e-04)
63              	(7.28686651e-02 3.67817304e+00 -1.12636811e-01)	(6.93060911e-02 3.68856988e+00 -1.12140311e-01)	(3.56257406e-03 -1.03968445e-02 -4.96500141e-04)
64              	(7.29132183e-02 3.67775206e+00 -1.12499571e-01)	(6.95691135e-02 3.68849233e+00 -1.11889408e-01)	(3.34410480e-03 -1.07402741e-02 -6.10163035e-04)
65              	(7.29512823e-02 3.67737687e+00 -1.12355260e-01)	(6.98238706e-02 3.68844751e+00 -1.11626787e-01)	(3.12741167e-03 -1.10706459e-02 -7.28473510e-04)
66              	(7.29902864e-02 3.67701886e+00 -1.12194264e-01)	(7.00736486e-02 3.68841519e+00 -1.11351011e-01)	(2.91663780e-03 -1.13963214e-02 -8.43253180e-04)
67              	(7.30291944e-02 3.67667709e+00 -1.12018862e-01)	(7.03180500e-02 3.68839153e+00 -1.11064475e-01)	(2.71114446e-03 -1.17144447e-02 -9.54386876e-04)
68              	(7.30632250e-02 3.67636188e+00 -1.11837077e-01)	(7.05561765e-02 3.68838061e+00 -1.10769602e-01)	(2.50704848e-03 -1.20187374e-02 -1.06747583e-03)
69              	(7.30953314e-02 3.67607318e+00 -1.11650016e-01)	(7.07873171e-02 3.68838739e+00 -1.10468501e-01)	(2.30801433e-03 -1.23142161e-02 -1.18151530e-03)
70              	(7.31226472e-02 3.67581749e+00 -1.11455793e-01)	(7.10109667e-02 3.68841457e+00 -1.10159471e-01)	(2.11168056e-03 -1.25970784e-02 -1.29632158e-03)
71              	(7.31459560e-02 3.67559290e+00 -1.11251854e-01)	(7.12278867e-02 3.68846016e+00 -1.09839234e-01)	(1.91806928e-03 -1.28672608e-02 -1.41261983e-03)
72              	(7.31650496e-02 3.67540117e+00 -1.11034705e-01)	(7.14388926e-02 3.68852057e+00 -1.09504097e-01)	(1.72615700e-03 -1.31193984e-02 -1.53060769e-03)
73              	(7.31847015e-02 3.67523007e+00 -1.10796478e-01)	(7.16457798e-02 3.68859170e+00 -1.09151873e-01)	(1.53892172e-03 -1.33616300e-02 -1.64460509e-03)
74              	(7.32039802e-02 3.67507946e+00 -1.10544419e-01)	(7.18489955e-02 3.68867267e+00 -1.08786460e-01)	(1.35498472e-03 -1.35932113e-02 -1.75795977e-03)
75              	(7.32208501e-02 3.67495473e+00 -1.10281979e-01)	(7.20471737e-02 3.68876440e+00 -1.08412071e-01)	(1.17367638e-03 -1.38096623e-02 -1.86990872e-03)
76              	(7.32340857e-02 3.67485853e+00 -1.10012056e-01)	(7.22393981e-02 3.68886652e+00 -1.08028795e-01)	(9.94687568e-04 -1.40079958e-02 -1.98326104e-03)
77              	(7.32461828e-02 3.67477949e+00 -1.09728164e-01)	(7.24268369e-02 3.68897357e+00 -1.07633581e-01)	(8.19345914e-04 -1.41940729e-02 -2.09458315e-03)
78              	(7.32579398e-02 3.67471551e+00 -1.09428917e-01)	(7.26102315e-02 3.68908195e+00 -1.07223801e-01)	(6.47708234e-04 -1.43664437e-02 -2.20511619e-03)
79              	(7.32690543e-02 3.67466987e+00 -1.09112815e-01)	(7.27897588e-02 3.68919284e+00 -1.06798518e-01)	(4.79295483e-04 -1.45229757e-02 -2.31429766e-03)
80              	(7.32792147e-02 3.67464652e+00 -1.08783110e-01)	(7.29650994e-02 3.68931035e+00 -1.06359274e-01)	(3.14115365e-04 -1.46638266e-02 -2.42383679e-03)
81              	(7.32879611e-02 3.67464915e+00 -1.08438692e-01)	(7.31359907e-02 3.68943744e+00 -1.05907086e-01)	(1.51970440e-04 -1.47882872e-02 -2.53160631e-03)
82              	(7.32956995e-02 3.67467387e+00 -1.08081403e-01)	(7.33026595e-02 3.68957078e+00 -1.05442872e-01)	(-6.95997827e-06 -1.48969113e-02 -2.63853101e-03)
83              	(7.33028932e-02 3.67471456e+00 -1.07711888e-01)	(7.34652756e-02 3.68970464e+00 -1.04967087e-01)	(-1.62382322e-04 -1.49900871e-02 -2.74480069e-03)
84              	(7.33093000e-02 3.67476818e+00 -1.07328932e-01)	(7.36236234e-02 3.68983598e+00 -1.04479353e-01)	(-3.14323440e-04 -1.50677907e-02 -2.84957919e-03)
85              	(7.33157867e-02 3.67483345e+00 -1.06931598e-01)	(7.37777494e-02 3.68996378e+00 -1.03979359e-01)	(-4.61962651e-04 -1.51303315e-02 -2.95223874e-03)
86              	(7.33216757e-02 3.67491176e+00 -1.06519276e-01)	(7.39277354e-02 3.69008994e+00 -1.03466414e-01)	(-6.06059710e-04 -1.51781764e-02 -3.05286185e-03)
87              	(7.33267487e-02 3.67500759e+00 -1.06092657e-01)	(7.40733830e-02 3.69021913e+00 -1.02941174e-01)	(-7.46634302e-04 -1.52115390e-02 -3.15148294e-03)
88              	(7.33315955e-02 3.67512579e+00 -1.05651838e-01)	(7.42145034e-02 3.69035595e+00 -1.02405393e-01)	(-8.82907945e-04 -1.52301669e-02 -3.24644501e-03)
89              	(7.33364357e-02 3.67526835e+00 -1.05200053e-01)	(7.43513243e-02 3.69050264e+00 -1.01861403e-01)	(-1.01488858e-03 -1.52342909e-02 -3.33865005e-03)
90              	(7.33415409e-02 3.67543671e+00 -1.04738973e-01)	(7.44840830e-02 3.69066004e+00 -1.01311191e-01)	(-1.14254214e-03 -1.52233316e-02 -3.42778261e-03)
91              	(7.33472570e-02 3.67562980e+00 -1.04270201e-01)	(7.46129185e-02 3.69082680e+00 -1.00756083e-01)	(-1.26566157e-03 -1.51970046e-02 -3.51411822e-03)
92              	(7.33536440e-02 3.67584480e+00 -1.03793760e-01)	(7.47381856e-02 3.69100025e+00 -1.00195707e-01)	(-1.38454160e-03 -1.51554462e-02 -3.59805327e-03)
93              	(7.33612340e-02 3.67607968e+00 -1.03309728e-01)	(7.48603846e-02 3.69117846e+00 -9.96301274e-02)	(-1.49915059e-03 -1.50987806e-02 -3.67960067e-03)
94              	(7.33691773e-02 3.67633248e+00 -1.02817216e-01)	(7.49790008e-02 3.69136126e+00 -9.90593724e-02)	(-1.60982354e-03 -1.50287749e-02 -3.75784346e-03)
95              	(7.33769086e-02 3.67660470e+00 -1.02318285e-01)	(7.50934461e-02 3.69154942e+00 -9.84847436e-02)	(-1.71653748e-03 -1.49447252e-02 -3.83354173e-03)
96              	(7.33846197e-02 3.67689746e+00 -1.01813800e-01)	(7.52037722e-02 3.69174444e+00 -9.79071691e-02)	(-1.81915248e-03 -1.48469865e-02 -3.90663069e-03)
97              	(7.33925388e-02 3.67721357e+00 -1.01304426e-01)	(7.53103297e-02 3.69194912e+00 -9.73276982e-02)	(-1.91779091e-03 -1.47355423e-02 -3.97672831e-03)
98              	(7.34007978e-02 3.67755611e+00 -1.00792548e-01)	(7.54134177e-02 3.69216747e+00 -9.67482123e-02)	(-2.01261985e-03 -1.46113600e-02 -4.04433617e-03)
99              	(7.34099814e-02 3.67792796e+00 -1.00280349e-01)	(7.55132797e-02 3.69240267e+00 -9.61708710e-02)	(-2.10329832e-03 -1.44747120e-02 -4.10947830e-03)
100             	(7.34203689e-02 3.67832979e+00 -9.97682030e-02)	(7.56099931e-02 3.69265472e+00 -9.55962516e-02)	(-2.18962423e-03 -1.43249284e-02 -4.17195141e-03)
101             	(7.34322156e-02 3.67876084e+00 -9.92551453e-02)	(7.57034438e-02 3.69292233e+00 -9.50246965e-02)	(-2.27122819e-03 -1.41614894e-02 -4.23044876e-03)
102             	(7.34452004e-02 3.67921635e+00 -9.87419105e-02)	(7.57935709e-02 3.69320175e+00 -9.44565785e-02)	(-2.34837050e-03 -1.39854016e-02 -4.28533192e-03)
103             	(7.34590153e-02 3.67969143e+00 -9.82308927e-02)	(7.58806052e-02 3.69348884e+00 -9.38925254e-02)	(-2.42158989e-03 -1.37974152e-02 -4.33836732e-03)
104             	(7.34741319e-02 3.68018379e+00 -9.77224495e-02)	(7.59647015e-02 3.69378118e+00 -9.33336095e-02)	(-2.49056963e-03 -1.35973901e-02 -4.38884007e-03)
105             	(7.34904497e-02 3.68069409e+00 -9.72178448e-02)	(7.60457224e-02 3.69407975e+00 -9.27808780e-02)	(-2.55527264e-03 -1.33856621e-02 -4.43696677e-03)
106             	(7.35071302e-02 3.68122397e+00 -9.67178640e-02)	(7.61234132e-02 3.69438698e+00 -9.22349207e-02)	(-2.61628293e-03 -1.31630085e-02 -4.48294329e-03)
107             	(7.35245469e-02 3.68177476e+00 -9.62222124e-02)	(7.61978733e-02 3.69470451e+00 -9.16955893e-02)	(-2.67332634e-03 -1.29297473e-02 -4.52662308e-03)
108             	(7.35431356e-02 3.68234862e+00 -9.57305766e-02)	(7.62693669e-02 3.69503380e+00 -9.11628360e-02)	(-2.72623137e-03 -1.26851806e-02 -4.56774056e-03)
109             	(7.35634894e-02 3.68294461e+00 -9.52423894e-02)	(7.63380897e-02 3.69537504e+00 -9.06371328e-02)	(-2.77460028e-03 -1.24304287e-02 -4.60525655e-03)
110             	(7.35847791e-02 3.68355880e+00 -9.47598564e-02)	(7.64041423e-02 3.69572639e+00 -9.01194548e-02)	(-2.81936326e-03 -1.21675891e-02 -4.64040159e-03)
111             	(7.36073171e-02 3.68419095e+00 -9.42840083e-02)	(7.64674539e-02 3.69608563e+00 -8.96108204e-02)	(-2.86013678e-03 -1.18946798e-02 -4.67318791e-03)
112             	(7.36309890e-02 3.68483860e+00 -9.38160131e-02)	(7.65280012e-02 3.69645035e+00 -8.91120633e-02)	(-2.89701218e-03 -1.16117528e-02 -4.70394980e-03)
113             	(7.36554005e-02 3.68549692e+00 -9.33553492e-02)	(7.65857305e-02 3.69681826e+00 -8.86230057e-02)	(-2.93033003e-03 -1.13213453e-02 -4.73234343e-03)
114             	(7.36808625e-02 3.68616493e+00 -9.29013578e-02)	(7.66407825e-02 3.69718737e+00 -8.81427705e-02)	(-2.95992000e-03 -1.10224425e-02 -4.75858735e-03)
115             	(7.37077685e-02 3.68684055e+00 -9.24529181e-02)	(7.66934319e-02 3.69755606e+00 -8.76708722e-02)	(-2.98566342e-03 -1.07155127e-02 -4.78204584e-03)
116             	(7.37354951e-02 3.68752012e+00 -9.20099090e-02)	(7.67437460e-02 3.69792344e+00 -8.72074025e-02)	(-3.00825083e-03 -1.04033194e-02 -4.80250654e-03)
117             	(7.37647138e-02 3.68820709e+00 -9.15732915e-02)	(7.67917055e-02 3.69829095e+00 -8.67533895e-02)	(-3.02699169e-03 -1.00838588e-02 -4.81990193e-03)
118             	(7.37950749e-02 3.68890093e+00 -9.11439862e-02)	(7.68371866e-02 3.69866048e+00 -8.63095983e-02)	(-3.04211166e-03 -9.75954237e-03 -4.83438784e-03)
119             	(7.38258167e-02 3.68960015e+00 -9.07217961e-02)	(7.68802047e-02 3.69903325e+00 -8.58759966e-02)	(-3.05438805e-03 -9.43310049e-03 -4.84579942e-03)
120             	(7.38579588e-02 3.69030674e+00 -9.03060213e-02)	(7.69210692e-02 3.69940937e+00 -8.54521180e-02)	(-3.06311046e-03 -9.10263093e-03 -4.85390330e-03)
121             	(7.38912335e-02 3.69101793e+00 -8.98958175e-02)	(7.69598041e-02 3.69978757e+00 -8.50373806e-02)	(-3.06857060e-03 -8.76964167e-03 -4.85843689e-03)
122             	(7.39252340e-02 3.69173098e+00 -8.94926765e-02)	(7.69964855e-02 3.70016528e+00 -8.46321057e-02)	(-3.07125144e-03 -8.43429820e-03 -4.86057084e-03)
123             	(7.39604227e-02 3.69244683e+00 -8.90973882e-02)	(7.70313572e-02 3.70054098e+00 -8.42362586e-02)	(-3.07093456e-03 -8.09414731e-03 -4.86112956e-03)
124             	(7.39961455e-02 3.69316018e+00 -8.87091302e-02)	(7.70643410e-02 3.70091280e+00 -8.38499040e-02)	(-3.06819544e-03 -7.75262127e-03 -4.85922620e-03)
125             	(7.40321405e-02 3.69387048e+00 -8.83267908e-02)	(7.70953723e-02 3.70128106e+00 -8.34727584e-02)	(-3.06323178e-03 -7.41057847e-03 -4.85403247e-03)
126             	(7.40687633e-02 3.69457855e+00 -8.79493112e-02)	(7.71245014e-02 3.70164647e+00 -8.31043643e-02)	(-3.05573808e-03 -7.06792473e-03 -4.84494688e-03)
127             	(7.41058645e-02 3.69528337e+00 -8.75765753e-02)	(7.71520106e-02 3.70201001e+00 -8.27445276e-02)	(-3.04614613e-03 -6.72663482e-03 -4.83204778e-03)
128             	(7.41436160e-02 3.69598636e+00 -8.72100361e-02)	(7.71780811e-02 3.70237213e+00 -8.23936584e-02)	(-3.03446502e-03 -6.38576143e-03 -4.81637770e-03)
129             	(7.41819949e-02 3.69668673e+00 -8.68494262e-02)	(7.72027379e-02 3.70273399e+00 -8.20521966e-02)	(-3.02074303e-03 -6.04726380e-03 -4.79722967e-03)
130             	(7.42221259e-02 3.69738969e+00 -8.64954082e-02)	(7.72259009e-02 3.70309537e+00 -8.17195025e-02)	(-3.00377498e-03 -5.70568776e-03 -4.77590572e-03)
131             	(7.42625266e-02 3.69809046e+00 -8.61488308e-02)	(7.72472906e-02 3.70345336e+00 -8.13949402e-02)	(-2.98476400e-03 -5.36290158e-03 -4.75389056e-03)
132             	(7.43033938e-02 3.69878485e+00 -8.58089795e-02)	(7.72665832e-02 3.70380501e+00 -8.10782907e-02)	(-2.96318936e-03 -5.02016339e-03 -4.73068875e-03)
133             	(7.43443181e-02 3.69946927e+00 -8.54738383e-02)	(7.72835234e-02 3.70414645e+00 -8.07690346e-02)	(-2.93920525e-03 -4.67718660e-03 -4.70480369e-03)
134             	(7.43843041e-02 3.70013894e+00 -8.51441305e-02)	(7.72983993e-02 3.70447698e+00 -8.04673754e-02)	(-2.91409518e-03 -4.33803925e-03 -4.67675508e-03)
135             	(7.44254793e-02 3.70080301e+00 -8.48196740e-02)	(7.73118716e-02 3.70480073e+00 -8.01735651e-02)	(-2.88639230e-03 -3.99771663e-03 -4.64610884e-03)
136             	(7.44674741e-02 3.70146260e+00 -8.44997686e-02)	(7.73241789e-02 3.70512161e+00 -7.98879606e-02)	(-2.85670478e-03 -3.65900975e-03 -4.61180799e-03)
137             	(7.45093426e-02 3.70211678e+00 -8.41860027e-02)	(7.73353058e-02 3.70544060e+00 -7.96103483e-02)	(-2.82596315e-03 -3.32381820e-03 -4.57565441e-03)
138             	(7.45522749e-02 3.70276936e+00 -8.38777534e-02)	(7.73452971e-02 3.70575716e+00 -7.93398712e-02)	(-2.79302217e-03 -2.98780328e-03 -4.53788226e-03)
139             	(7.45950665e-02 3.70341423e+00 -8.35737160e-02)	(7.73540490e-02 3.70606843e+00 -7.90756216e-02)	(-2.75898242e-03 -2.65419776e-03 -4.49809442e-03)
140             	(7.46378793e-02 3.70405045e+00 -8.32746704e-02)	(7.73615020e-02 3.70637396e+00 -7.88175351e-02)	(-2.72362272e-03 -2.32350188e-03 -4.45713523e-03)
141             	(7.46818741e-02 3.70468178e+00 -8.29815141e-02)	(7.73677621e-02 3.70667402e+00 -7.85660980e-02)	(-2.68588804e-03 -1.99224133e-03 -4.41541606e-03)
142             	(7.47265045e-02 3.70530549e+00 -8.26936412e-02)	(7.73729109e-02 3.70696802e+00 -7.83215586e-02)	(-2.64640643e-03 -1.66252324e-03 -4.37208269e-03)
143             	(7.47707977e-02 3.70591958e+00 -8.24116863e-02)	(7.73769119e-02 3.70725615e+00 -7.80841227e-02)	(-2.60611421e-03 -1.33657581e-03 -4.32756360e-03)
144             	(7.48159736e-02 3.70653062e+00 -8.21359714e-02)	(7.73798983e-02 3.70754098e+00 -7.78533718e-02)	(-2.56392471e-03 -1.01036288e-03 -4.28259953e-03)
145             	(7.48616698e-02 3.70713664e+00 -8.18637764e-02)	(7.73820799e-02 3.70782301e+00 -7.76284670e-02)	(-2.52041004e-03 -6.86369952e-04 -4.23530944e-03)
146             	(7.49005642e-02 3.70771712e+00 -8.15963267e-02)	(7.73836228e-02 3.70810086e+00 -7.74088696e-02)	(-2.48305859e-03 -3.83736031e-04 -4.18745712e-03)
147             	(7.49342955e-02 3.70828158e+00 -8.13321978e-02)	(7.73850943e-02 3.70838047e+00 -7.71943212e-02)	(-2.45079876e-03 -9.88965348e-05 -4.13787659e-03)
148             	(7.49686100e-02 3.70885071e+00 -8.10716444e-02)	(7.73868840e-02 3.70866943e+00 -7.69852631e-02)	(-2.41827397e-03 1.81281059e-04 -4.08638128e-03)
149             	(7.50034400e-02 3.70942359e+00 -8.08165669e-02)	(7.73885836e-02 3.70896589e+00 -7.67821947e-02)	(-2.38514357e-03 4.57696077e-04 -4.03437221e-03)
150             	(7.50388203e-02 3.70999401e+00 -8.05664033e-02)	(7.73894390e-02 3.70926164e+00 -7.65849552e-02)	(-2.35061873e-03 7.32373146e-04 -3.98144813e-03)
151             	(7.50748095e-02 3.71055714e+00 -8.03208835e-02)	(7.73889669e-02 3.70954928e+00 -7.63928691e-02)	(-2.31415737e-03 1.00785741e-03 -3.92801439e-03)
152             	(7.51107918e-02 3.71110647e+00 -8.00796311e-02)	(7.73869653e-02 3.70982456e+00 -7.62059001e-02)	(-2.27617350e-03 1.28190949e-03 -3.87373094e-03)
153             	(7.51463916e-02 3.71164186e+00 -7.98433097e-02)	(7.73839024e-02 3.71008865e+00 -7.60238968e-02)	(-2.23751085e-03 1.55320575e-03 -3.81941292e-03)
154             	(7.51821925e-02 3.71217030e+00 -7.96109450e-02)	(7.73803628e-02 3.71034688e+00 -7.58462537e-02)	(-2.19817021e-03 1.82341890e-03 -3.76469129e-03)
155             	(7.52185781e-02 3.71269131e+00 -7.93810205e-02)	(7.73765395e-02 3.71060078e+00 -7.56727053e-02)	(-2.15796137e-03 2.09052767e-03 -3.70831520e-03)
156             	(7.52558053e-02 3.71320715e+00 -7.91567356e-02)	(7.73722340e-02 3.71084989e+00 -7.55037179e-02)	(-2.11642869e-03 2.35726128e-03 -3.65301766e-03)
157             	(7.52930436e-02 3.71371287e+00 -7.89365689e-02)	(7.73670572e-02 3.71109103e+00 -7.53395618e-02)	(-2.07401362e-03 2.62184624e-03 -3.59700713e-03)
158             	(7.53306299e-02 3.71420980e+00 -7.87204128e-02)	(7.73610778e-02 3.71132336e+00 -7.51799920e-02)	(-2.03044789e-03 2.88644375e-03 -3.54042086e-03)
159             	(7.53678897e-02 3.71469678e+00 -7.85072688e-02)	(7.73542386e-02 3.71154863e+00 -7.50245876e-02)	(-1.98634894e-03 3.14815135e-03 -3.48268116e-03)
160             	(7.54053907e-02 3.71517788e+00 -7.82969109e-02)	(7.73468775e-02 3.71176946e+00 -7.48727727e-02)	(-1.94148682e-03 3.40841608e-03 -3.42413815e-03)
161             	(7.54430931e-02 3.71565428e+00 -7.80897873e-02)	(7.73391101e-02 3.71198568e+00 -7.47242629e-02)	(-1.89601703e-03 3.66860064e-03 -3.36552442e-03)
162             	(7.54805002e-02 3.71612243e+00 -7.78866838e-02)	(7.73308289e-02 3.71219656e+00 -7.45793727e-02)	(-1.85032872e-03 3.92586901e-03 -3.30731111e-03)
163             	(7.55170655e-02 3.71657793e+00 -7.76868980e-02)	(7.73220484e-02 3.71240086e+00 -7.44381025e-02)	(-1.80498288e-03 4.17706143e-03 -3.24879550e-03)
164             	(7.55540024e-02 3.71702403e+00 -7.74890082e-02)	(7.73132020e-02 3.71259882e+00 -7.42999734e-02)	(-1.75919957e-03 4.42521533e-03 -3.18903479e-03)
165             	(7.55922975e-02 3.71746483e+00 -7.72934269e-02)	(7.73046827e-02 3.71279149e+00 -7.41648283e-02)	(-1.71238527e-03 4.67334490e-03 -3.12859861e-03)
166             	(7.56313545e-02 3.71789834e+00 -7.71009630e-02)	(7.72964291e-02 3.71297951e+00 -7.40327910e-02)	(-1.66507460e-03 4.91883220e-03 -3.06817203e-03)
167             	(7.56714243e-02 3.71832679e+00 -7.69115512e-02)	(7.72883561e-02 3.71316335e+00 -7.39040153e-02)	(-1.61693174e-03 5.16343517e-03 -3.00753592e-03)
168             	(7.57121917e-02 3.71875029e+00 -7.67252378e-02)	(7.72801317e-02 3.71334270e+00 -7.37786398e-02)	(-1.56793996e-03 5.40758465e-03 -2.94659794e-03)
169             	(7.57528614e-02 3.71916627e+00 -7.65429659e-02)	(7.72714873e-02 3.71351649e+00 -7.36568544e-02)	(-1.51862592e-03 5.64978007e-03 -2.88611155e-03)
170             	(7.57934564e-02 3.71957491e+00 -7.63644967e-02)	(7.72624951e-02 3.71368455e+00 -7.35383343e-02)	(-1.46903870e-03 5.89036127e-03 -2.82616241e-03)
171             	(7.58337140e-02 3.71997379e+00 -7.61888486e-02)	(7.72533867e-02 3.71384727e+00 -7.34223740e-02)	(-1.41967276e-03 6.12651306e-03 -2.76647458e-03)
172             	(7.58738815e-02 3.72036464e+00 -7.60146764e-02)	(7.72445934e-02 3.71400683e+00 -7.33084875e-02)	(-1.37071196e-03 6.35780912e-03 -2.70618891e-03)
173             	(7.59146083e-02 3.72075116e+00 -7.58413960e-02)	(7.72364773e-02 3.71416579e+00 -7.31967624e-02)	(-1.32186903e-03 6.58537107e-03 -2.64463358e-03)
174             	(7.59555153e-02 3.72113347e+00 -7.56708546e-02)	(7.72289052e-02 3.71432388e+00 -7.30877057e-02)	(-1.27338989e-03 6.80958818e-03 -2.58314886e-03)
175             	(7.59962373e-02 3.72150819e+00 -7.55025079e-02)	(7.72216109e-02 3.71447998e+00 -7.29813389e-02)	(-1.22537359e-03 7.02821259e-03 -2.52116906e-03)
176             	(7.60370098e-02 3.72187583e+00 -7.53367058e-02)	(7.72145407e-02 3.71463279e+00 -7.28772926e-02)	(-1.17753084e-03 7.24303642e-03 -2.45941316e-03)
177             	(7.60781451e-02 3.72223738e+00 -7.51727829e-02)	(7.72075853e-02 3.71478152e+00 -7.27757002e-02)	(-1.12944016e-03 7.45586271e-03 -2.39708268e-03)
178             	(7.61193488e-02 3.72259260e+00 -7.50109876e-02)	(7.72005516e-02 3.71492580e+00 -7.26765378e-02)	(-1.08120273e-03 7.66680839e-03 -2.33444981e-03)
179             	(7.61606217e-02 3.72294206e+00 -7.48510211e-02)	(7.71932732e-02 3.71506623e+00 -7.25798717e-02)	(-1.03265151e-03 7.87582986e-03 -2.27114934e-03)
180             	(7.62021065e-02 3.72328691e+00 -7.46949072e-02)	(7.71858723e-02 3.71520347e+00 -7.24857414e-02)	(-9.83765817e-04 8.08344459e-03 -2.20916576e-03)
181             	(7.62433350e-02 3.72362485e+00 -7.45406815e-02)	(7.71784728e-02 3.71533750e+00 -7.23938115e-02)	(-9.35137804e-04 8.28734586e-03 -2.14687000e-03)
182             	(7.62842149e-02 3.72395470e+00 -7.43884600e-02)	(7.71713045e-02 3.71546815e+00 -7.23040710e-02)	(-8.87089556e-04 8.48655113e-03 -2.08438902e-03)
183             	(7.63254923e-02 3.72427901e+00 -7.42389509e-02)	(7.71647509e-02 3.71559634e+00 -7.22162175e-02)	(-8.39258594e-04 8.68266548e-03 -2.02273339e-03)
184             	(7.63673751e-02 3.72459901e+00 -7.40912559e-02)	(7.71589042e-02 3.71572253e+00 -7.21298628e-02)	(-7.91529100e-04 8.87648060e-03 -1.96139303e-03)
185             	(7.64096862e-02 3.72491369e+00 -7.39440278e-02)	(7.71535477e-02 3.71584640e+00 -7.20449050e-02)	(-7.43861493e-04 9.06728542e-03 -1.89912274e-03)
186             	(7.64520614e-02 3.72522354e+00 -7.37981666e-02)	(7.71484413e-02 3.71596807e+00 -7.19616737e-02)	(-6.96379961e-04 9.25547250e-03 -1.83649298e-03)
187             	(7.64943772e-02 3.72552862e+00 -7.36542325e-02)	(7.71435318e-02 3.71608743e+00 -7.18803125e-02)	(-6.49154569e-04 9.44118600e-03 -1.77391996e-03)
188             	(7.65368940e-02 3.72582885e+00 -7.35121169e-02)	(7.71387560e-02 3.71620396e+00 -7.18009295e-02)	(-6.01862070e-04 9.62488410e-03 -1.71118736e-03)
189             	(7.65786026e-02 3.72612174e+00 -7.33712168e-02)	(7.71341712e-02 3.71631751e+00 -7.17235537e-02)	(-5.55568556e-04 9.80422198e-03 -1.64766305e-03)
190             	(7.66200145e-02 3.72640800e+00 -7.32316344e-02)	(7.71299619e-02 3.71642901e+00 -7.16478581e-02)	(-5.09947372e-04 9.97898712e-03 -1.58377624e-03)
191             	(7.66613967e-02 3.72668885e+00 -7.30935304e-02)	(7.71264054e-02 3.71653988e+00 -7.15736632e-02)	(-4.65008719e-04 1.01489729e-02 -1.51986714e-03)
192             	(7.67034196e-02 3.72696691e+00 -7.29548450e-02)	(7.71236405e-02 3.71665082e+00 -7.15009601e-02)	(-4.20220989e-04 1.03160943e-02 -1.45388483e-03)
193             	(7.67459007e-02 3.72724270e+00 -7.28166859e-02)	(7.71216387e-02 3.71676146e+00 -7.14300978e-02)	(-3.75738068e-04 1.04812325e-02 -1.38658810e-03)
194             	(7.67887311e-02 3.72751510e+00 -7.26803667e-02)	(7.71201791e-02 3.71687049e+00 -7.13612849e-02)	(-3.31447937e-04 1.06446144e-02 -1.31908177e-03)
195             	(7.68314880e-02 3.72778218e+00 -7.25453952e-02)	(7.71190036e-02 3.71697685e+00 -7.12945199e-02)	(-2.87515658e-04 1.08053231e-02 -1.25087528e-03)
196             	(7.68736421e-02 3.72804272e+00 -7.24120147e-02)	(7.71181232e-02 3.71708097e+00 -7.12294478e-02)	(-2.44481095e-04 1.09617560e-02 -1.18256692e-03)
197             	(7.69151993e-02 3.72829831e+00 -7.22804539e-02)	(7.71177412e-02 3.71718424e+00 -7.11657140e-02)	(-2.02541941e-04 1.11140696e-02 -1.11473989e-03)
198             	(7.69575075e-02 3.72855257e+00 -7.21496441e-02)	(7.71182387e-02 3.71728819e+00 -7.11031073e-02)	(-1.60731259e-04 1.12643827e-02 -1.04653681e-03)
199             	(7.70007426e-02 3.72880549e+00 -7.20199993e-02)	(7.71196304e-02 3.71739242e+00 -7.10416917e-02)	(-1.18887796e-04 1.14130730e-02 -9.78307579e-04)
200             	(7.70444239e-02 3.72905500e+00 -7.18919942e-02)	(7.71216954e-02 3.71749579e+00 -7.09815901e-02)	(-7.72715412e-05 1.15592150e-02 -9.10404129e-04)
201             	(7.70878712e-02 3.72929973e+00 -7.17654607e-02)	(7.71240715e-02 3.71759725e+00 -7.09226543e-02)	(-3.62003312e-05 1.17024836e-02 -8.42806391e-04)
202             	(7.71303814e-02 3.72953880e+00 -7.16410338e-02)	(7.71266663e-02 3.71769724e+00 -7.08645683e-02)	(3.71501389e-06 1.18415546e-02 -7.76465506e-04)
203             	(7.71729918e-02 3.72977524e+00 -7.15156296e-02)	(7.71297915e-02 3.71779702e+00 -7.08068823e-02)	(4.32003012e-05 1.19782208e-02 -7.08747323e-04)
204             	(7.72161590e-02 3.73001043e+00 -7.13907506e-02)	(7.71336005e-02 3.71789658e+00 -7.07498333e-02)	(8.25585307e-05 1.21138555e-02 -6.40917265e-04)
205             	(7.72595299e-02 3.73024275e+00 -7.12668124e-02)	(7.71379067e-02 3.71799537e+00 -7.06939979e-02)	(1.21623197e-04 1.22473814e-02 -5.72814443e-04)
206             	(7.73025240e-02 3.73047074e+00 -7.11442822e-02)	(7.71425465e-02 3.71809314e+00 -7.06396571e-02)	(1.59977540e-04 1.23775971e-02 -5.04625094e-04)
207             	(7.73446920e-02 3.73069331e+00 -7.10223611e-02)	(7.71476259e-02 3.71819001e+00 -7.05866383e-02)	(1.97066140e-04 1.25032960e-02 -4.35722855e-04)
208             	(7.73875021e-02 3.73091487e+00 -7.09006290e-02)	(7.71534303e-02 3.71828700e+00 -7.05344795e-02)	(2.34071831e-04 1.26278644e-02 -3.66149515e-04)
209             	(7.74306496e-02 3.73113453e+00 -7.07793429e-02)	(7.71599576e-02 3.71838421e+00 -7.04830261e-02)	(2.70692060e-04 1.27503186e-02 -2.96316792e-04)
210             	(7.74735772e-02 3.73135105e+00 -7.06576954e-02)	(7.71670062e-02 3.71848111e+00 -7.04324722e-02)	(3.06571088e-04 1.28699347e-02 -2.25223192e-04)
211             	(7.75162744e-02 3.73156417e+00 -7.05360894e-02)	(7.71744163e-02 3.71857728e+00 -7.03831578e-02)	(3.41858093e-04 1.29868919e-02 -1.52931601e-04)
212             	(7.75582789e-02 3.73177254e+00 -7.04156973e-02)	(7.71822324e-02 3.71867282e+00 -7.03352411e-02)	(3.76046594e-04 1.30997232e-02 -8.04562745e-05)
213             	(7.76005516e-02 3.73197919e+00 -7.02971854e-02)	(7.71906132e-02 3.71876823e+00 -7.02884541e-02)	(4.09938369e-04 1.32109600e-02 -8.73133881e-06)
214             	(7.76430420e-02 3.73218418e+00 -7.01794926e-02)	(7.71995233e-02 3.71886356e+00 -7.02423045e-02)	(4.43518666e-04 1.33206253e-02 6.28119239e-05)
215             	(7.76850991e-02 3.73238550e+00 -7.00625491e-02)	(7.72087778e-02 3.71895845e+00 -7.01966028e-02)	(4.76321312e-04 1.34270453e-02 1.34053673e-04)
216             	(7.77261926e-02 3.73258216e+00 -6.99457239e-02)	(7.72180610e-02 3.71905252e+00 -7.01514586e-02)	(5.08131562e-04 1.35296375e-02 2.05734703e-04)
217             	(7.77665568e-02 3.73277504e+00 -6.98292543e-02)	(7.72273672e-02 3.71914623e+00 -7.01071708e-02)	(5.39189606e-04 1.36288156e-02 2.77916493e-04)
218             	(7.78066225e-02 3.73296551e+00 -6.97153228e-02)	(7.72369545e-02 3.71924038e+00 -7.00637664e-02)	(5.69668010e-04 1.37251228e-02 3.48443666e-04)
219             	(7.78466089e-02 3.73315446e+00 -6.96020397e-02)	(7.72471215e-02 3.71933570e+00 -7.00208138e-02)	(5.99487421e-04 1.38187655e-02 4.18774168e-04)
220             	(7.78865791e-02 3.73334142e+00 -6.94888292e-02)	(7.72579804e-02 3.71943215e+00 -6.99780047e-02)	(6.28598636e-04 1.39092704e-02 4.89175498e-04)
221             	(7.79263681e-02 3.73352589e+00 -6.93766398e-02)	(7.72694785e-02 3.71952928e+00 -6.99352314e-02)	(6.56889599e-04 1.39966099e-02 5.58591568e-04)
222             	(7.79662127e-02 3.73370838e+00 -6.92653132e-02)	(7.72816282e-02 3.71962682e+00 -6.98926054e-02)	(6.84584481e-04 1.40815523e-02 6.27292207e-04)
223             	(7.80056851e-02 3.73388686e+00 -6.91549167e-02)	(7.72943823e-02 3.71972454e+00 -6.98505421e-02)	(7.11302827e-04 1.41623273e-02 6.95625393e-04)
224             	(7.80452109e-02 3.73406341e+00 -6.90450749e-02)	(7.73077456e-02 3.71982269e+00 -6.98091164e-02)	(7.37465311e-04 1.42407252e-02 7.64041526e-04)
225             	(7.80851120e-02 3.73423936e+00 -6.89368083e-02)	(7.73216432e-02 3.71992133e+00 -6.97681461e-02)	(7.63468867e-04 1.43180349e-02 8.31337804e-04)
226             	(7.81250508e-02 3.73441401e+00 -6.88297873e-02)	(7.73358257e-02 3.72001992e+00 -6.97272845e-02)	(7.89225096e-04 1.43940924e-02 8.97497220e-04)
227             	(7.81633067e-02 3.73458243e+00 -6.87234371e-02)	(7.73500601e-02 3.72011789e+00 -6.96863954e-02)	(8.13246572e-04 1.44645434e-02 9.62958319e-04)
228             	(7.82009569e-02 3.73474813e+00 -6.86183030e-02)	(7.73645570e-02 3.72021604e+00 -6.96456699e-02)	(8.36399923e-04 1.45320864e-02 1.02736682e-03)
229             	(7.82385255e-02 3.73491269e+00 -6.85155441e-02)	(7.73795387e-02 3.72031500e+00 -6.96053623e-02)	(8.58986851e-04 1.45976865e-02 1.08981818e-03)
230             	(7.82758596e-02 3.73507534e+00 -6.84141075e-02)	(7.73950597e-02 3.72041455e+00 -6.95653388e-02)	(8.80799905e-04 1.46607904e-02 1.15123132e-03)
231             	(7.83126712e-02 3.73523489e+00 -6.83144885e-02)	(7.74110598e-02 3.72051423e+00 -6.95254574e-02)	(9.01611360e-04 1.47206590e-02 1.21096887e-03)
232             	(7.83487261e-02 3.73539000e+00 -6.82168407e-02)	(7.74275822e-02 3.72061390e+00 -6.94855925e-02)	(9.21143869e-04 1.47761002e-02 1.26875178e-03)
233             	(7.83848345e-02 3.73554333e+00 -6.81197883e-02)	(7.74448025e-02 3.72071405e+00 -6.94457174e-02)	(9.40032045e-04 1.48292775e-02 1.32592908e-03)
234             	(7.84198521e-02 3.73569178e+00 -6.80252827e-02)	(7.74626654e-02 3.72081467e+00 -6.94061388e-02)	(9.57186793e-04 1.48771126e-02 1.38085619e-03)
235             	(7.84539749e-02 3.73583627e+00 -6.79321418e-02)	(7.74812412e-02 3.72091616e+00 -6.93668617e-02)	(9.72733688e-04 1.49201061e-02 1.43471983e-03)
236             	(7.84879661e-02 3.73597933e+00 -6.78398809e-02)	(7.75006272e-02 3.72101913e+00 -6.93279269e-02)	(9.87338856e-04 1.49602011e-02 1.48804593e-03)
237             	(7.85223905e-02 3.73612268e+00 -6.77491216e-02)	(7.75207426e-02 3.72112340e+00 -6.92894834e-02)	(1.00164797e-03 1.49992772e-02 1.54036178e-03)
238             	(7.85564556e-02 3.73626413e+00 -6.76605440e-02)	(7.75411405e-02 3.72122768e+00 -6.92516391e-02)	(1.01531505e-03 1.50364580e-02 1.59109510e-03)
239             	(7.85897896e-02 3.73640253e+00 -6.75738619e-02)	(7.75615545e-02 3.72133112e+00 -6.92143370e-02)	(1.02823514e-03 1.50714032e-02 1.64047509e-03)
240             	(7.86226428e-02 3.73653840e+00 -6.74900671e-02)	(7.75820363e-02 3.72143373e+00 -6.91775629e-02)	(1.04060645e-03 1.51046709e-02 1.68749576e-03)
241             	(7.86546781e-02 3.73667086e+00 -6.74080484e-02)	(7.76026825e-02 3.72153564e+00 -6.91409821e-02)	(1.05199557e-03 1.51352222e-02 1.73293368e-03)
242             	(7.86864196e-02 3.73680121e+00 -6.73272858e-02)	(7.76236803e-02 3.72163739e+00 -6.91043964e-02)	(1.06273936e-03 1.51638229e-02 1.77711059e-03)
243             	(7.87179184e-02 3.73692985e+00 -6.72487636e-02)	(7.76450489e-02 3.72173905e+00 -6.90680152e-02)	(1.07286959e-03 1.51908046e-02 1.81925167e-03)
244             	(7.87493367e-02 3.73705701e+00 -6.71727647e-02)	(7.76666388e-02 3.72184034e+00 -6.90320065e-02)	(1.08269782e-03 1.52166797e-02 1.85924179e-03)
245             	(7.87804621e-02 3.73718244e+00 -6.70982149e-02)	(7.76881420e-02 3.72194069e+00 -6.89964201e-02)	(1.09232016e-03 1.52417483e-02 1.89820522e-03)
246             	(7.88108540e-02 3.73730523e+00 -6.70260665e-02)	(7.77093068e-02 3.72203961e+00 -6.89613719e-02)	(1.10154713e-03 1.52656134e-02 1.93530538e-03)
247             	(7.88408842e-02 3.73742628e+00 -6.69560649e-02)	(7.77302252e-02 3.72213720e+00 -6.89267785e-02)	(1.11065901e-03 1.52890852e-02 1.97071358e-03)
248             	(7.88707281e-02 3.73754568e+00 -6.68874819e-02)	(7.77510622e-02 3.72223359e+00 -6.88926314e-02)	(1.11966586e-03 1.53120860e-02 2.00514948e-03)
249             	(7.89003320e-02 3.73766325e+00 -6.68211148e-02)	(7.77718501e-02 3.72232878e+00 -6.88590616e-02)	(1.12848184e-03 1.53344720e-02 2.03794678e-03)
250             	(7.89297544e-02 3.73777919e+00 -6.67568446e-02)	(7.77925643e-02 3.72242265e+00 -6.88260310e-02)	(1.13719012e-03 1.53565357e-02 2.06918639e-03)
251             	(7.89588616e-02 3.73789308e+00 -6.66943076e-02)	(7.78131246e-02 3.72251506e+00 -6.87935080e-02)	(1.14573700e-03 1.53780228e-02 2.09920035e-03)
252             	(7.89876304e-02 3.73800488e+00 -6.66336010e-02)	(7.78334242e-02 3.72260585e+00 -6.87614740e-02)	(1.15420623e-03 1.53990313e-02 2.12787297e-03)
253             	(7.90161536e-02 3.73811514e+00 -6.65744896e-02)	(7.78533396e-02 3.72269490e+00 -6.87299235e-02)	(1.16281403e-03 1.54202451e-02 2.15543389e-03)
254             	(7.90442118e-02 3.73822355e+00 -6.65167824e-02)	(7.78727843e-02 3.72278211e+00 -6.86989753e-02)	(1.17142753e-03 1.54414330e-02 2.18219287e-03)
255             	(7.90718912e-02 3.73833036e+00 -6.64604411e-02)	(7.78917790e-02 3.72286764e+00 -6.86688433e-02)	(1.18011227e-03 1.54627154e-02 2.20840219e-03)
256             	(7.90991715e-02 3.73843552e+00 -6.64055376e-02)	(7.79103352e-02 3.72295147e+00 -6.86395352e-02)	(1.18883635e-03 1.54840507e-02 2.23399767e-03)
257             	(7.91259593e-02 3.73853862e+00 -6.63523461e-02)	(7.79284560e-02 3.72303341e+00 -6.86109852e-02)	(1.19750333e-03 1.55052144e-02 2.25863903e-03)
258             	(7.91524399e-02 3.73863997e+00 -6.63007270e-02)	(7.79461573e-02 3.72311337e+00 -6.85830754e-02)	(1.20628262e-03 1.55266054e-02 2.28234839e-03)
259             	(7.91786680e-02 3.73873968e+00 -6.62502634e-02)	(7.79633915e-02 3.72319119e+00 -6.85556408e-02)	(1.21527642e-03 1.55484833e-02 2.30537742e-03)
260             	(7.92043112e-02 3.73883701e+00 -6.62010102e-02)	(7.79800894e-02 3.72326691e+00 -6.85286991e-02)	(1.22422183e-03 1.55700968e-02 2.32768894e-03)
261             	(7.92298270e-02 3.73893338e+00 -6.61528306e-02)	(7.79963597e-02 3.72334101e+00 -6.85023711e-02)	(1.23346735e-03 1.55923699e-02 2.34954055e-03)
262             	(7.92551192e-02 3.73902862e+00 -6.61062555e-02)	(7.80122571e-02 3.72341368e+00 -6.84768745e-02)	(1.24286207e-03 1.56149391e-02 2.37061904e-03)
263             	(7.92802698e-02 3.73912265e+00 -6.60609386e-02)	(7.80277469e-02 3.72348468e+00 -6.84521850e-02)	(1.25252297e-03 1.56379731e-02 2.39124638e-03)
264             	(7.93051686e-02 3.73921509e+00 -6.60169159e-02)	(7.80427636e-02 3.72355365e+00 -6.84282367e-02)	(1.26240498e-03 1.56614353e-02 2.41132085e-03)
265             	(7.93297109e-02 3.73930573e+00 -6.59741718e-02)	(7.80572276e-02 3.72362036e+00 -6.84049127e-02)	(1.27248339e-03 1.56853689e-02 2.43074092e-03)
266             	(7.93539049e-02 3.73939462e+00 -6.59325051e-02)	(7.80711198e-02 3.72368477e+00 -6.83821127e-02)	(1.28278509e-03 1.57098485e-02 2.44960767e-03)
267             	(7.93777716e-02 3.73948188e+00 -6.58919164e-02)	(7.80844481e-02 3.72374702e+00 -6.83598994e-02)	(1.29332353e-03 1.57348647e-02 2.46798299e-03)
268             	(7.94012250e-02 3.73956746e+00 -6.58526628e-02)	(7.80972326e-02 3.72380730e+00 -6.83383814e-02)	(1.30399247e-03 1.57601673e-02 2.48571859e-03)
269             	(7.94244939e-02 3.73965189e+00 -6.58143710e-02)	(7.81095701e-02 3.72386585e+00 -6.83175159e-02)	(1.31492376e-03 1.57860375e-02 2.50314488e-03)
270             	(7.94476678e-02 3.73973521e+00 -6.57770200e-02)	(7.81215410e-02 3.72392277e+00 -6.82972223e-02)	(1.32612676e-03 1.58124405e-02 2.52020228e-03)
271             	(7.94706923e-02 3.73981732e+00 -6.57405041e-02)	(7.81331183e-02 3.72397797e+00 -6.82775006e-02)	(1.33757403e-03 1.58393578e-02 2.53699652e-03)
272             	(7.94935072e-02 3.73989812e+00 -6.57049021e-02)	(7.81442682e-02 3.72403136e+00 -6.82584083e-02)	(1.34923901e-03 1.58667608e-02 2.55350628e-03)
273             	(7.95159644e-02 3.73997739e+00 -6.56704358e-02)	(7.81549277e-02 3.72408289e+00 -6.82400330e-02)	(1.36103662e-03 1.58944991e-02 2.56959719e-03)
274             	(7.95380887e-02 3.74005512e+00 -6.56370956e-02)	(7.81651018e-02 3.72413260e+00 -6.82223995e-02)	(1.37298688e-03 1.59225161e-02 2.58530391e-03)
275             	(7.95598899e-02 3.74013133e+00 -6.56047116e-02)	(7.81747919e-02 3.72418051e+00 -6.82054787e-02)	(1.38509792e-03 1.59508190e-02 2.60076700e-03)
276             	(7.95813448e-02 3.74020604e+00 -6.55734191e-02)	(7.81840213e-02 3.72422672e+00 -6.81892157e-02)	(1.39732345e-03 1.59793193e-02 2.61579658e-03)
277             	(7.96025085e-02 3.74027942e+00 -6.55430845e-02)	(7.81927876e-02 3.72427123e+00 -6.81736229e-02)	(1.40972086e-03 1.60081839e-02 2.63053845e-03)
278             	(7.96233568e-02 3.74035137e+00 -6.55137397e-02)	(7.82010832e-02 3.72431409e+00 -6.81587063e-02)	(1.42227355e-03 1.60372843e-02 2.64496664e-03)
279             	(7.96439158e-02 3.74042193e+00 -6.54852794e-02)	(7.82089071e-02 3.72435525e+00 -6.81444414e-02)	(1.43500867e-03 1.60666799e-02 2.65916200e-03)
280             	(7.96641373e-02 3.74049121e+00 -6.54577374e-02)	(7.82162620e-02 3.72439487e+00 -6.81307585e-02)	(1.44787533e-03 1.60963371e-02 2.67302105e-03)
281             	(7.96840819e-02 3.74055943e+00 -6.54309143e-02)	(7.82232146e-02 3.72443314e+00 -6.81175736e-02)	(1.46086726e-03 1.61262820e-02 2.68665928e-03)
282             	(7.97038410e-02 3.74062675e+00 -6.54046123e-02)	(7.82298400e-02 3.72447015e+00 -6.81048398e-02)	(1.47400096e-03 1.61566067e-02 2.70022748e-03)
283             	(7.97234596e-02 3.74069306e+00 -6.53789579e-02)	(7.82361710e-02 3.72450583e+00 -6.80925876e-02)	(1.48728860e-03 1.61872277e-02 2.71362971e-03)
