# Moment        
# CofR          : (0.00000000e+00 0.00000000e+00 0.00000000e+00)
#
# Time          	(total_x total_y total_z)	(pressure_x pressure_y pressure_z)	(viscous_x viscous_y viscous_z)
1               	(-2.19624435e+00 9.18913662e-02 5.44668429e-01)	(-2.19499363e+00 9.17930717e-02 5.43864988e-01)	(-1.25072192e-03 9.82945341e-05 8.03441307e-04)
2               	(-2.61710214e+00 1.13343774e-01 5.38566634e-01)	(-2.61497874e+00 1.13154344e-01 5.37597871e-01)	(-2.12340078e-03 1.89430290e-04 9.68763115e-04)
3               	(-2.68292295e+00 1.15151694e-01 4.92712469e-01)	(-2.68069572e+00 1.14823049e-01 4.91646537e-01)	(-2.22723193e-03 3.28645197e-04 1.06593129e-03)
4               	(-2.48294281e+00 8.66455102e-02 4.28553394e-01)	(-2.48104096e+00 8.62580485e-02 4.27451430e-01)	(-1.90184687e-03 3.87461660e-04 1.10196424e-03)
5               	(-2.24371112e+00 5.29900979e-02 3.86966417e-01)	(-2.24220787e+00 5.25598728e-02 3.85850821e-01)	(-1.50324557e-03 4.30225176e-04 1.11559566e-03)
6               	(-2.14192554e+00 4.34072618e-02 3.98958685e-01)	(-2.14068315e+00 4.29036494e-02 3.97826295e-01)	(-1.24238896e-03 5.03612388e-04 1.13238981e-03)
7               	(-2.19856023e+00 6.38161248e-02 4.53438593e-01)	(-2.19741718e+00 6.32111426e-02 4.52265358e-01)	(-1.14304340e-03 6.04982244e-04 1.17323472e-03)
8               	(-2.32005767e+00 9.44917998e-02 5.05677509e-01)	(-2.31890691e+00 9.37847115e-02 5.04436134e-01)	(-1.15075702e-03 7.07088291e-04 1.24137536e-03)
9               	(-2.40375350e+00 1.11159898e-01 5.17569789e-01)	(-2.40254472e+00 1.10377683e-01 5.16241101e-01)	(-1.20877777e-03 7.82215205e-04 1.32868762e-03)
10              	(-2.40807475e+00 1.04617927e-01 4.86130213e-01)	(-2.40679840e+00 1.03796700e-01 4.84713129e-01)	(-1.27635152e-03 8.21227244e-04 1.41708378e-03)
11              	(-2.35939653e+00 8.44836946e-02 4.41907882e-01)	(-2.35806307e+00 8.36431803e-02 4.40414952e-01)	(-1.33345743e-03 8.40514360e-04 1.49293009e-03)
12              	(-2.31017584e+00 6.80400890e-02 4.20704525e-01)	(-2.30880286e+00 6.71776824e-02 4.19154191e-01)	(-1.37297780e-03 8.62406609e-04 1.55033399e-03)
13              	(-2.29399495e+00 6.58424241e-02 4.34425334e-01)	(-2.29260252e+00 6.49437674e-02 4.32836574e-01)	(-1.39242963e-03 8.98656781e-04 1.58875989e-03)
14              	(-2.31051231e+00 7.56736338e-02 4.66544997e-01)	(-2.30912050e+00 7.47266475e-02 4.64935974e-01)	(-1.39180758e-03 9.46986296e-04 1.60902389e-03)
15              	(-2.33849366e+00 8.77050741e-02 4.90516233e-01)	(-2.33711868e+00 8.67101997e-02 4.88901217e-01)	(-1.37498144e-03 9.94874427e-04 1.61501586e-03)
16              	(-2.35715310e+00 9.32869564e-02 4.91106555e-01)	(-2.35580532e+00 9.22511725e-02 4.89493178e-01)	(-1.34777964e-03 1.03578390e-03 1.61337672e-03)
17              	(-2.35903600e+00 9.06582307e-02 4.73172007e-01)	(-2.35772068e+00 8.95865788e-02 4.71560971e-01)	(-1.31531866e-03 1.07165188e-03 1.61103612e-03)
18              	(-2.34995320e+00 8.41189305e-02 4.53662946e-01)	(-2.34867462e+00 8.30046924e-02 4.52048743e-01)	(-1.27857847e-03 1.11423806e-03 1.61420320e-03)
19              	(-2.34046654e+00 7.92662619e-02 4.46690065e-01)	(-2.33922873e+00 7.80934047e-02 4.45064363e-01)	(-1.23780779e-03 1.17285717e-03 1.62570192e-03)
20              	(-2.33764018e+00 7.88276931e-02 4.54178382e-01)	(-2.33644791e+00 7.75792074e-02 4.52532319e-01)	(-1.19226305e-03 1.24848573e-03 1.64606273e-03)
21              	(-2.34182646e+00 8.17383597e-02 4.67589011e-01)	(-2.34068398e+00 8.03947680e-02 4.65915020e-01)	(-1.14247986e-03 1.34359173e-03 1.67399050e-03)
22              	(-2.34875567e+00 8.51281098e-02 4.76458390e-01)	(-2.34766666e+00 8.36744092e-02 4.74749866e-01)	(-1.08900851e-03 1.45370068e-03 1.70852371e-03)
23              	(-2.35378863e+00 8.68050956e-02 4.76119085e-01)	(-2.35275772e+00 8.52277492e-02 4.74369495e-01)	(-1.03090413e-03 1.57734642e-03 1.74959052e-03)
24              	(-2.35499444e+00 8.65098985e-02 4.69521071e-01)	(-2.35403040e+00 8.47936854e-02 4.67723244e-01)	(-9.64037848e-04 1.71621306e-03 1.79782715e-03)
25              	(-2.35342697e+00 8.53905920e-02 4.63104641e-01)	(-2.35254372e+00 8.35198783e-02 4.61251656e-01)	(-8.83250168e-04 1.87071370e-03 1.85298432e-03)
26              	(-2.35151490e+00 8.47453848e-02 4.61481385e-01)	(-2.35073189e+00 8.27030573e-02 4.59567285e-01)	(-7.83015622e-04 2.04232747e-03 1.91410012e-03)
27              	(-2.35118547e+00 8.51083269e-02 4.64899453e-01)	(-2.35052458e+00 8.28748766e-02 4.62920010e-01)	(-6.60890847e-04 2.23345029e-03 1.97944279e-03)
28              	(-2.35279528e+00 8.61726458e-02 4.70268864e-01)	(-2.35227746e+00 8.37400003e-02 4.68221229e-01)	(-5.17827840e-04 2.43264551e-03 2.04763534e-03)
29              	(-2.35525130e+00 8.73010875e-02 4.74094471e-01)	(-2.35489586e+00 8.46723262e-02 4.71975454e-01)	(-3.55439997e-04 2.62876123e-03 2.11901714e-03)
30              	(-2.35704745e+00 8.80455464e-02 4.74835372e-01)	(-2.35686459e+00 8.52383530e-02 4.72642817e-01)	(-1.82854542e-04 2.80719339e-03 2.19255465e-03)
31              	(-2.35735148e+00 8.83928167e-02 4.73351495e-01)	(-2.35735128e+00 8.54116102e-02 4.71080996e-01)	(-1.97668088e-07 2.98120644e-03 2.27049842e-03)
32              	(-2.35640090e+00 8.85783234e-02 4.71615688e-01)	(-2.35658846e+00 8.54329192e-02 4.69263011e-01)	(1.87561766e-04 3.14540419e-03 2.35267701e-03)
33              	(-2.35512155e+00 8.88473415e-02 4.71134413e-01)	(-2.35549878e+00 8.55548073e-02 4.68695703e-01)	(3.77227361e-04 3.29253413e-03 2.43870996e-03)
34              	(-2.35438032e+00 8.92674997e-02 4.72168191e-01)	(-2.35494989e+00 8.58636768e-02 4.69639402e-01)	(5.69572381e-04 3.40382293e-03 2.52878855e-03)
35              	(-2.35446330e+00 8.97697628e-02 4.73972402e-01)	(-2.35522753e+00 8.62956308e-02 4.71350069e-01)	(7.64232768e-04 3.47413204e-03 2.62233293e-03)
36              	(-2.35502341e+00 9.02293507e-02 4.75573631e-01)	(-2.35598017e+00 8.67324950e-02 4.72856376e-01)	(9.56762581e-04 3.49685569e-03 2.71725483e-03)
37              	(-2.35544637e+00 9.05838392e-02 4.76451008e-01)	(-2.35658954e+00 8.71068135e-02 4.73639172e-01)	(1.14316276e-03 3.47702575e-03 2.81183636e-03)
38              	(-2.35532167e+00 9.08482489e-02 4.76727411e-01)	(-2.35665046e+00 8.74163758e-02 4.73819924e-01)	(1.32879670e-03 3.43187313e-03 2.90748755e-03)
39              	(-2.35469990e+00 9.10610572e-02 4.76886182e-01)	(-2.35620808e+00 8.76937525e-02 4.73884029e-01)	(1.50817536e-03 3.36730473e-03 3.00215313e-03)
40              	(-2.35393314e+00 9.12655103e-02 4.77347368e-01)	(-2.35561848e+00 8.79760263e-02 4.74250331e-01)	(1.68534165e-03 3.28948398e-03 3.09703721e-03)
41              	(-2.35338501e+00 9.14578124e-02 4.78191246e-01)	(-2.35523775e+00 8.82595453e-02 4.75001430e-01)	(1.85273940e-03 3.19826711e-03 3.18981651e-03)
42              	(-2.35313865e+00 9.16191044e-02 4.79186728e-01)	(-2.35515809e+00 8.85164329e-02 4.75902781e-01)	(2.01944405e-03 3.10267145e-03 3.28394646e-03)
43              	(-2.35302468e+00 9.17202631e-02 4.80020872e-01)	(-2.35520961e+00 8.87195635e-02 4.76641387e-01)	(2.18492776e-03 3.00069967e-03 3.37948437e-03)
44              	(-2.35280675e+00 9.17668288e-02 4.80548923e-01)	(-2.35515877e+00 8.88698847e-02 4.77071265e-01)	(2.35202151e-03 2.89694406e-03 3.47765814e-03)
45              	(-2.35237296e+00 9.17874312e-02 4.80862632e-01)	(-2.35490011e+00 8.89948581e-02 4.77281907e-01)	(2.52715117e-03 2.79257316e-03 3.58072481e-03)
46              	(-2.35178453e+00 9.18105327e-02 4.81164503e-01)	(-2.35449681e+00 8.91218981e-02 4.77475916e-01)	(2.71228375e-03 2.68863453e-03 3.68858721e-03)
47              	(-2.35119015e+00 9.18490872e-02 4.81609077e-01)	(-2.35409589e+00 8.92652332e-02 4.77808234e-01)	(2.90574905e-03 2.58385397e-03 3.80084345e-03)
48              	(-2.35071279e+00 9.19039596e-02 4.82222764e-01)	(-2.35381681e+00 8.94230587e-02 4.78306442e-01)	(3.10401831e-03 2.48090087e-03 3.91632201e-03)
49              	(-2.35037066e+00 9.19654574e-02 4.82922091e-01)	(-2.35367742e+00 8.95827731e-02 4.78886635e-01)	(3.30676085e-03 2.38268428e-03 4.03545622e-03)
50              	(-2.35009060e+00 9.20186471e-02 4.83590633e-01)	(-2.35360234e+00 8.97290193e-02 4.79433226e-01)	(3.51173965e-03 2.28962772e-03 4.15740719e-03)
51              	(-2.34977913e+00 9.20534121e-02 4.84166265e-01)	(-2.35349844e+00 8.98551019e-02 4.79883630e-01)	(3.71930527e-03 2.19831012e-03 4.28263507e-03)
52              	(-2.34939042e+00 9.20711278e-02 4.84665704e-01)	(-2.35331870e+00 8.99665176e-02 4.80253970e-01)	(3.92828184e-03 2.10461021e-03 4.41173346e-03)
53              	(-2.34894961e+00 9.20833573e-02 4.85157617e-01)	(-2.35308668e+00 9.00749213e-02 4.80611967e-01)	(4.13707334e-03 2.00843596e-03 4.54565035e-03)
54              	(-2.34851468e+00 9.20996745e-02 4.85702850e-01)	(-2.35286169e+00 9.01901965e-02 4.81019149e-01)	(4.34701285e-03 1.90947805e-03 4.68370088e-03)
55              	(-2.34813346e+00 9.21234353e-02 4.86323221e-01)	(-2.35269122e+00 9.03150807e-02 4.81496664e-01)	(4.55775925e-03 1.80835456e-03 4.82655629e-03)
56              	(-2.34781667e+00 9.21506156e-02 4.86998983e-01)	(-2.35258529e+00 9.04449038e-02 4.82024084e-01)	(4.76861721e-03 1.70571187e-03 4.97489869e-03)
57              	(-2.34753800e+00 9.21745078e-02 4.87689765e-01)	(-2.35251789e+00 9.05713562e-02 4.82562233e-01)	(4.97989611e-03 1.60315164e-03 5.12753210e-03)
58              	(-2.34726260e+00 9.21887102e-02 4.88366684e-01)	(-2.35245320e+00 9.06889112e-02 4.83082805e-01)	(5.19059940e-03 1.49979903e-03 5.28387893e-03)
59              	(-2.34697134e+00 9.21921002e-02 4.89025367e-01)	(-2.35237009e+00 9.07969750e-02 4.83581404e-01)	(5.39875103e-03 1.39512520e-03 5.44396295e-03)
60              	(-2.34667146e+00 9.21882402e-02 4.89681026e-01)	(-2.35227346e+00 9.08983892e-02 4.84073438e-01)	(5.60200163e-03 1.28985097e-03 5.60758751e-03)
61              	(-2.34637979e+00 9.21797480e-02 4.90350751e-01)	(-2.35218077e+00 9.09963567e-02 4.84577093e-01)	(5.80098210e-03 1.18339132e-03 5.77365767e-03)
62              	(-2.34611609e+00 9.21691261e-02 4.91046416e-01)	(-2.35211054e+00 9.10921681e-02 4.85104771e-01)	(5.99444675e-03 1.07695799e-03 5.94164531e-03)
63              	(-2.34588967e+00 9.21551954e-02 4.91768518e-01)	(-2.35207002e+00 9.11849099e-02 4.85657116e-01)	(6.18035335e-03 9.70285524e-04 6.11140120e-03)
64              	(-2.34569697e+00 9.21355058e-02 4.92509172e-01)	(-2.35205527e+00 9.12727691e-02 4.86226037e-01)	(6.35830031e-03 8.62736647e-04 6.28313434e-03)
65              	(-2.34552852e+00 9.21086026e-02 4.93258889e-01)	(-2.35205612e+00 9.13542541e-02 4.86801897e-01)	(6.52759972e-03 7.54348461e-04 6.45699233e-03)
66              	(-2.34537392e+00 9.20737800e-02 4.94011536e-01)	(-2.35206286e+00 9.14288635e-02 4.87379827e-01)	(6.68894273e-03 6.44916533e-04 6.63170924e-03)
67              	(-2.34523138e+00 9.20306735e-02 4.94768702e-01)	(-2.35207336e+00 9.14963879e-02 4.87961155e-01)	(6.84198651e-03 5.34285690e-04 6.80754720e-03)
68              	(-2.34510424e+00 9.19795477e-02 4.95534548e-01)	(-2.35208996e+00 9.15563316e-02 4.88548946e-01)	(6.98571997e-03 4.23216035e-04 6.98560244e-03)
69              	(-2.34499551e+00 9.19206293e-02 4.96308688e-01)	(-2.35211553e+00 9.16084169e-02 4.89143698e-01)	(7.12001876e-03 3.12212346e-04 7.16498955e-03)
70              	(-2.34490523e+00 9.18530347e-02 4.97089552e-01)	(-2.35215015e+00 9.16521192e-02 4.89743206e-01)	(7.24491811e-03 2.00915511e-04 7.34634623e-03)
71              	(-2.34483212e+00 9.17767234e-02 4.97873336e-01)	(-2.35219219e+00 9.16869345e-02 4.90343509e-01)	(7.36006816e-03 8.97889220e-05 7.52982670e-03)
72              	(-2.34477413e+00 9.16906171e-02 4.98657713e-01)	(-2.35223915e+00 9.17120203e-02 4.90941709e-01)	(7.46502031e-03 -2.14031874e-05 7.71600424e-03)
73              	(-2.34472918e+00 9.15934825e-02 4.99440577e-01)	(-2.35228913e+00 9.17265056e-02 4.91537173e-01)	(7.55994390e-03 -1.33023093e-04 7.90340404e-03)
74              	(-2.34469675e+00 9.14858940e-02 5.00224494e-01)	(-2.35234174e+00 9.17305745e-02 4.92131782e-01)	(7.64498568e-03 -2.44680433e-04 8.09271240e-03)
75              	(-2.34467678e+00 9.13684222e-02 5.01011838e-01)	(-2.35239652e+00 9.17245210e-02 4.92727251e-01)	(7.71973285e-03 -3.56098750e-04 8.28458731e-03)
76              	(-2.34466874e+00 9.12413035e-02 5.01803419e-01)	(-2.35245252e+00 9.17080542e-02 4.93323796e-01)	(7.78378300e-03 -4.66750698e-04 8.47962287e-03)
77              	(-2.34466910e+00 9.11037131e-02 5.02596620e-01)	(-2.35250705e+00 9.16805343e-02 4.93919457e-01)	(7.83794486e-03 -5.76821186e-04 8.67716266e-03)
78              	(-2.34467547e+00 9.09549168e-02 5.03389092e-01)	(-2.35255748e+00 9.16408753e-02 4.94511578e-01)	(7.88201776e-03 -6.85958511e-04 8.87751400e-03)
79              	(-2.34468801e+00 9.07941163e-02 5.04179662e-01)	(-2.35260390e+00 9.15883480e-02 4.95098625e-01)	(7.91588556e-03 -7.94231672e-04 9.08103743e-03)
80              	(-2.34470949e+00 9.06214106e-02 5.04968168e-01)	(-2.35264910e+00 9.15228323e-02 4.95680367e-01)	(7.93961329e-03 -9.01421667e-04 9.28780126e-03)
81              	(-2.34474145e+00 9.04366184e-02 5.05755360e-01)	(-2.35269525e+00 9.14443301e-02 4.96257381e-01)	(7.95380552e-03 -1.00771172e-03 9.49797865e-03)
82              	(-2.34478267e+00 9.02406554e-02 5.06541290e-01)	(-2.35274101e+00 9.13531635e-02 4.96829413e-01)	(7.95833497e-03 -1.11250802e-03 9.71187682e-03)
83              	(-2.34482966e+00 9.00341036e-02 5.07325209e-01)	(-2.35278279e+00 9.12498431e-02 4.97395634e-01)	(7.95312785e-03 -1.21573952e-03 9.92957488e-03)
84              	(-2.34487969e+00 8.98168900e-02 5.08106406e-01)	(-2.35281814e+00 9.11341140e-02 4.97955187e-01)	(7.93844944e-03 -1.31722398e-03 1.01512192e-02)
85              	(-2.34493147e+00 8.95888183e-02 5.08884061e-01)	(-2.35284584e+00 9.10058376e-02 4.98507294e-01)	(7.91436932e-03 -1.41701933e-03 1.03767667e-02)
86              	(-2.34498597e+00 8.93499652e-02 5.09658011e-01)	(-2.35286680e+00 9.08650682e-02 4.99051824e-01)	(7.88082558e-03 -1.51510298e-03 1.06061868e-02)
87              	(-2.34504486e+00 8.91011189e-02 5.10429246e-01)	(-2.35288318e+00 9.07125469e-02 4.99589533e-01)	(7.83831802e-03 -1.61142797e-03 1.08397135e-02)
88              	(-2.34511010e+00 8.88426710e-02 5.11198791e-01)	(-2.35289752e+00 9.05489026e-02 5.00121563e-01)	(7.78742456e-03 -1.70623155e-03 1.10772287e-02)
89              	(-2.34518415e+00 8.85753588e-02 5.11967352e-01)	(-2.35291213e+00 9.03746471e-02 5.00648584e-01)	(7.72798756e-03 -1.79928831e-03 1.13187671e-02)
90              	(-2.34526920e+00 8.82995635e-02 5.12735658e-01)	(-2.35292905e+00 9.01901960e-02 5.01170952e-01)	(7.65985634e-03 -1.89063250e-03 1.15647058e-02)
91              	(-2.34536497e+00 8.80158499e-02 5.13503271e-01)	(-2.35294838e+00 8.99959686e-02 5.01688086e-01)	(7.58340616e-03 -1.98011871e-03 1.18151849e-02)
92              	(-2.34546991e+00 8.77249962e-02 5.14269654e-01)	(-2.35296886e+00 8.97924187e-02 5.02199300e-01)	(7.49895163e-03 -2.06742249e-03 1.20703541e-02)
93              	(-2.34558237e+00 8.74277894e-02 5.15034434e-01)	(-2.35298907e+00 8.95803414e-02 5.02704166e-01)	(7.40669699e-03 -2.15255199e-03 1.23302674e-02)
94              	(-2.34570059e+00 8.71243959e-02 5.15796354e-01)	(-2.35300848e+00 8.93603351e-02 5.03202291e-01)	(7.30788320e-03 -2.23593917e-03 1.25940632e-02)
95              	(-2.34582590e+00 8.68156651e-02 5.16556072e-01)	(-2.35302735e+00 8.91330837e-02 5.03693721e-01)	(7.20145022e-03 -2.31741862e-03 1.28623516e-02)
96              	(-2.34595938e+00 8.65022200e-02 5.17313902e-01)	(-2.35304696e+00 8.88991468e-02 5.04178848e-01)	(7.08757895e-03 -2.39692685e-03 1.31350535e-02)
97              	(-2.34610328e+00 8.61848391e-02 5.18070704e-01)	(-2.35306977e+00 8.86594486e-02 5.04658483e-01)	(6.96649161e-03 -2.47460958e-03 1.34122205e-02)
98              	(-2.34626015e+00 8.58643272e-02 5.18826834e-01)	(-2.35309903e+00 8.84148540e-02 5.05133489e-01)	(6.83888435e-03 -2.55052682e-03 1.36933448e-02)
99              	(-2.34643201e+00 8.55414649e-02 5.19583061e-01)	(-2.35313716e+00 8.81660591e-02 5.05604676e-01)	(6.70515019e-03 -2.62459416e-03 1.39783846e-02)
100             	(-2.34661927e+00 8.52171381e-02 5.20340240e-01)	(-2.35318417e+00 8.79135770e-02 5.06072355e-01)	(6.56490283e-03 -2.69643890e-03 1.42678850e-02)
101             	(-2.34682069e+00 8.48916463e-02 5.21098180e-01)	(-2.35323904e+00 8.76578099e-02 5.06536258e-01)	(6.41834579e-03 -2.76616361e-03 1.45619218e-02)
102             	(-2.34703338e+00 8.45654272e-02 5.21855000e-01)	(-2.35329980e+00 8.73994471e-02 5.06995164e-01)	(6.26641794e-03 -2.83401997e-03 1.48598365e-02)
103             	(-2.34725551e+00 8.42391027e-02 5.22608993e-01)	(-2.35336463e+00 8.71391616e-02 5.07447664e-01)	(6.10912163e-03 -2.90005891e-03 1.51613281e-02)
104             	(-2.34748605e+00 8.39137052e-02 5.23359931e-01)	(-2.35343243e+00 8.68776273e-02 5.07892912e-01)	(5.94637832e-03 -2.96392215e-03 1.54670191e-02)
105             	(-2.34772549e+00 8.35898965e-02 5.24107896e-01)	(-2.35350384e+00 8.66154265e-02 5.08330980e-01)	(5.77834937e-03 -3.02553002e-03 1.57769163e-02)
106             	(-2.34797413e+00 8.32675463e-02 5.24852442e-01)	(-2.35358031e+00 8.63528926e-02 5.08762455e-01)	(5.60618302e-03 -3.08534627e-03 1.60899869e-02)
107             	(-2.34823348e+00 8.29470693e-02 5.25594481e-01)	(-2.35366313e+00 8.60902765e-02 5.09187921e-01)	(5.42965432e-03 -3.14320725e-03 1.64065593e-02)
108             	(-2.34850518e+00 8.26285645e-02 5.26334967e-01)	(-2.35375345e+00 8.58276663e-02 5.09607940e-01)	(5.24827446e-03 -3.19910184e-03 1.67270265e-02)
109             	(-2.34878854e+00 8.23123218e-02 5.27073589e-01)	(-2.35385138e+00 8.55654247e-02 5.10022587e-01)	(5.06284663e-03 -3.25310291e-03 1.70510019e-02)
110             	(-2.34908095e+00 8.19986467e-02 5.27808683e-01)	(-2.35395585e+00 8.53042252e-02 5.10431453e-01)	(4.87490236e-03 -3.30557850e-03 1.73772297e-02)
111             	(-2.34938294e+00 8.16882492e-02 5.28540853e-01)	(-2.35406576e+00 8.50445258e-02 5.10833858e-01)	(4.68282377e-03 -3.35627659e-03 1.77069946e-02)
112             	(-2.34969277e+00 8.13816231e-02 5.29269257e-01)	(-2.35417973e+00 8.47866721e-02 5.11228905e-01)	(4.48695379e-03 -3.40504901e-03 1.80403517e-02)
113             	(-2.35000754e+00 8.10784826e-02 5.29991299e-01)	(-2.35429659e+00 8.45308705e-02 5.11615651e-01)	(4.28904495e-03 -3.45238789e-03 1.83756476e-02)
114             	(-2.35032697e+00 8.07790921e-02 5.30707450e-01)	(-2.35441540e+00 8.42771116e-02 5.11993658e-01)	(4.08843649e-03 -3.49801953e-03 1.87137913e-02)
115             	(-2.35065037e+00 8.04835279e-02 5.31417642e-01)	(-2.35453531e+00 8.40255372e-02 5.12362748e-01)	(3.88493780e-03 -3.54200932e-03 1.90548941e-02)
116             	(-2.35097534e+00 8.01913744e-02 5.32119697e-01)	(-2.35465567e+00 8.37762753e-02 5.12722664e-01)	(3.68033120e-03 -3.58490091e-03 1.93970331e-02)
117             	(-2.35130357e+00 7.99032051e-02 5.32815729e-01)	(-2.35477713e+00 8.35295074e-02 5.13074090e-01)	(3.47356639e-03 -3.62630222e-03 1.97416390e-02)
118             	(-2.35163639e+00 7.96190559e-02 5.33505522e-01)	(-2.35490098e+00 8.32853958e-02 5.13417652e-01)	(3.26459887e-03 -3.66633986e-03 2.00878698e-02)
119             	(-2.35197271e+00 7.93384483e-02 5.34187455e-01)	(-2.35502797e+00 8.30440673e-02 5.13753595e-01)	(3.05525146e-03 -3.70561902e-03 2.04338597e-02)
120             	(-2.35231296e+00 7.90618282e-02 5.34863161e-01)	(-2.35515779e+00 8.28057489e-02 5.14082143e-01)	(2.84482636e-03 -3.74392076e-03 2.07810180e-02)
121             	(-2.35265591e+00 7.87890920e-02 5.35531757e-01)	(-2.35528942e+00 8.25704583e-02 5.14403132e-01)	(2.63350545e-03 -3.78136631e-03 2.11286248e-02)
122             	(-2.35299882e+00 7.85201868e-02 5.36192025e-01)	(-2.35542115e+00 8.23382102e-02 5.14715926e-01)	(2.42233009e-03 -3.81802348e-03 2.14760987e-02)
123             	(-2.35334154e+00 7.82556309e-02 5.36845196e-01)	(-2.35555220e+00 8.21090809e-02 5.15020537e-01)	(2.21066836e-03 -3.85344997e-03 2.18246594e-02)
124             	(-2.35368252e+00 7.79947784e-02 5.37489016e-01)	(-2.35568226e+00 8.18830646e-02 5.15316475e-01)	(1.99974706e-03 -3.88828621e-03 2.21725414e-02)
125             	(-2.35402221e+00 7.77372685e-02 5.38123190e-01)	(-2.35581198e+00 8.16600372e-02 5.15603839e-01)	(1.78976943e-03 -3.92276867e-03 2.25193511e-02)
126             	(-2.35436115e+00 7.74829813e-02 5.38748734e-01)	(-2.35594145e+00 8.14399980e-02 5.15883167e-01)	(1.58030367e-03 -3.95701666e-03 2.28655662e-02)
127             	(-2.35469862e+00 7.72317877e-02 5.39365142e-01)	(-2.35607041e+00 8.12230133e-02 5.16155257e-01)	(1.37179102e-03 -3.99122562e-03 2.32098846e-02)
128             	(-2.35503480e+00 7.69840348e-02 5.39973473e-01)	(-2.35619874e+00 8.10092561e-02 5.16420586e-01)	(1.16394320e-03 -4.02522124e-03 2.35528869e-02)
129             	(-2.35536981e+00 7.67398937e-02 5.40573060e-01)	(-2.35632720e+00 8.07989623e-02 5.16679447e-01)	(9.57386651e-04 -4.05906859e-03 2.38936130e-02)
130             	(-2.35570498e+00 7.65000692e-02 5.41166918e-01)	(-2.35645553e+00 8.05918150e-02 5.16931675e-01)	(7.50554888e-04 -4.09174579e-03 2.42352434e-02)
131             	(-2.35603665e+00 7.62637651e-02 5.41751745e-01)	(-2.35658235e+00 8.03874296e-02 5.17175898e-01)	(5.45709434e-04 -4.12366443e-03 2.45758471e-02)
132             	(-2.35636524e+00 7.60313428e-02 5.42326562e-01)	(-2.35670676e+00 8.01857295e-02 5.17410756e-01)	(3.41513208e-04 -4.15438670e-03 2.49158062e-02)
133             	(-2.35668895e+00 7.58020459e-02 5.42889500e-01)	(-2.35682660e+00 7.99865494e-02 5.17634302e-01)	(1.37648458e-04 -4.18450352e-03 2.52551978e-02)
134             	(-2.35700446e+00 7.55755551e-02 5.43437444e-01)	(-2.35694125e+00 7.97901138e-02 5.17846663e-01)	(-6.32139860e-05 -4.21455865e-03 2.55907804e-02)
135             	(-2.35731646e+00 7.53527929e-02 5.43976868e-01)	(-2.35705301e+00 7.95966985e-02 5.18050559e-01)	(-2.63454065e-04 -4.24390561e-03 2.59263089e-02)
136             	(-2.35762604e+00 7.51329450e-02 5.44508055e-01)	(-2.35716421e+00 7.94064110e-02 5.18247853e-01)	(-4.61834601e-04 -4.27346595e-03 2.62602023e-02)
137             	(-2.35793290e+00 7.49161776e-02 5.45029519e-01)	(-2.35727506e+00 7.92190526e-02 5.18438997e-01)	(-6.57836950e-04 -4.30287508e-03 2.65905220e-02)
138             	(-2.35823803e+00 7.47031005e-02 5.45544618e-01)	(-2.35738495e+00 7.90344462e-02 5.18624186e-01)	(-8.53075326e-04 -4.33134565e-03 2.69204314e-02)
139             	(-2.35853821e+00 7.44927596e-02 5.46049604e-01)	(-2.35749218e+00 7.88522809e-02 5.18802253e-01)	(-1.04602947e-03 -4.35952134e-03 2.72473509e-02)
140             	(-2.35883324e+00 7.42854510e-02 5.46544588e-01)	(-2.35759655e+00 7.86725422e-02 5.18973146e-01)	(-1.23669710e-03 -4.38709121e-03 2.75714422e-02)
141             	(-2.35912490e+00 7.40819712e-02 5.47032622e-01)	(-2.35769850e+00 7.84955078e-02 5.19137452e-01)	(-1.42640143e-03 -4.41353662e-03 2.78951696e-02)
142             	(-2.35941205e+00 7.38818472e-02 5.47512181e-01)	(-2.35779805e+00 7.83213486e-02 5.19295179e-01)	(-1.61399850e-03 -4.43950137e-03 2.82170018e-02)
143             	(-2.35969469e+00 7.36846511e-02 5.47982254e-01)	(-2.35789548e+00 7.81500866e-02 5.19446502e-01)	(-1.79921028e-03 -4.46543553e-03 2.85357519e-02)
144             	(-2.35997514e+00 7.34912913e-02 5.48446590e-01)	(-2.35799184e+00 7.79815428e-02 5.19592468e-01)	(-1.98329118e-03 -4.49025157e-03 2.88541216e-02)
145             	(-2.36025202e+00 7.33004121e-02 5.48903518e-01)	(-2.35808719e+00 7.78154399e-02 5.19733339e-01)	(-2.16482990e-03 -4.51502781e-03 2.91701789e-02)
146             	(-2.36051881e+00 7.31100979e-02 5.49337209e-01)	(-2.35818076e+00 7.76516475e-02 5.19868909e-01)	(-2.33804773e-03 -4.54154962e-03 2.94683000e-02)
147             	(-2.36077800e+00 7.29194667e-02 5.49754055e-01)	(-2.35827525e+00 7.74902577e-02 5.20003150e-01)	(-2.50274741e-03 -4.57079099e-03 2.97509045e-02)
148             	(-2.36103948e+00 7.27315166e-02 5.50169584e-01)	(-2.35837479e+00 7.73317391e-02 5.20140204e-01)	(-2.66468926e-03 -4.60022254e-03 3.00293800e-02)
149             	(-2.36130324e+00 7.25472837e-02 5.50582966e-01)	(-2.35847862e+00 7.71762315e-02 5.20278608e-01)	(-2.82461815e-03 -4.62894776e-03 3.03043581e-02)
150             	(-2.36156546e+00 7.23662784e-02 5.50991426e-01)	(-2.35858248e+00 7.70233012e-02 5.20413638e-01)	(-2.98297958e-03 -4.65702276e-03 3.05777881e-02)
151             	(-2.36182279e+00 7.21881425e-02 5.51392184e-01)	(-2.35868269e+00 7.68723549e-02 5.20541087e-01)	(-3.14009948e-03 -4.68421243e-03 3.08510968e-02)
152             	(-2.36207338e+00 7.20128342e-02 5.51782144e-01)	(-2.35877747e+00 7.67235373e-02 5.20658933e-01)	(-3.29590560e-03 -4.71070313e-03 3.11232107e-02)
153             	(-2.36231762e+00 7.18403248e-02 5.52161571e-01)	(-2.35886738e+00 7.65769232e-02 5.20768134e-01)	(-3.45023970e-03 -4.73659839e-03 3.13934366e-02)
154             	(-2.36255777e+00 7.16702400e-02 5.52534066e-01)	(-2.35895467e+00 7.64323648e-02 5.20871574e-01)	(-3.60309635e-03 -4.76212483e-03 3.16624923e-02)
155             	(-2.36279398e+00 7.15023764e-02 5.52899492e-01)	(-2.35903996e+00 7.62899594e-02 5.20970506e-01)	(-3.75401944e-03 -4.78758299e-03 3.19289864e-02)
156             	(-2.36302690e+00 7.13381796e-02 5.53259564e-01)	(-2.35912331e+00 7.61498673e-02 5.21064968e-01)	(-3.90359028e-03 -4.81168764e-03 3.21945962e-02)
157             	(-2.36325492e+00 7.11765264e-02 5.53612287e-01)	(-2.35920348e+00 7.60120871e-02 5.21153582e-01)	(-4.05143969e-03 -4.83556074e-03 3.24587052e-02)
158             	(-2.36347784e+00 7.10176500e-02 5.53958429e-01)	(-2.35927996e+00 7.58766714e-02 5.21236072e-01)	(-4.19788564e-03 -4.85902142e-03 3.27223566e-02)
159             	(-2.36369631e+00 7.08610382e-02 5.54296484e-01)	(-2.35935381e+00 7.57435417e-02 5.21312717e-01)	(-4.34249840e-03 -4.88250356e-03 3.29837667e-02)
160             	(-2.36391169e+00 7.07065243e-02 5.54628426e-01)	(-2.35942629e+00 7.56124137e-02 5.21384662e-01)	(-4.48539432e-03 -4.90588940e-03 3.32437641e-02)
161             	(-2.36412352e+00 7.05543421e-02 5.54955135e-01)	(-2.35949696e+00 7.54830623e-02 5.21452203e-01)	(-4.62656004e-03 -4.92872020e-03 3.35029323e-02)
162             	(-2.36433136e+00 7.04047710e-02 5.55275020e-01)	(-2.35956551e+00 7.53555634e-02 5.21515220e-01)	(-4.76585764e-03 -4.95079240e-03 3.37597994e-02)
163             	(-2.36453426e+00 7.02573062e-02 5.55586120e-01)	(-2.35963116e+00 7.52298662e-02 5.21573599e-01)	(-4.90309152e-03 -4.97256002e-03 3.40125208e-02)
164             	(-2.36473144e+00 7.01114191e-02 5.55891182e-01)	(-2.35969308e+00 7.51058995e-02 5.21628347e-01)	(-5.03836144e-03 -4.99448042e-03 3.42628346e-02)
165             	(-2.36492306e+00 6.99676040e-02 5.56193040e-01)	(-2.35975139e+00 7.49838293e-02 5.21680476e-01)	(-5.17167339e-03 -5.01622539e-03 3.45125639e-02)
166             	(-2.36511020e+00 6.98264567e-02 5.56490486e-01)	(-2.35980709e+00 7.48638393e-02 5.21730242e-01)	(-5.30311581e-03 -5.03738266e-03 3.47602436e-02)
167             	(-2.36529391e+00 6.96878464e-02 5.56784599e-01)	(-2.35986111e+00 7.47459584e-02 5.21777694e-01)	(-5.43280046e-03 -5.05811198e-03 3.50069049e-02)
168             	(-2.36547454e+00 6.95516336e-02 5.57075058e-01)	(-2.35991387e+00 7.46301395e-02 5.21822416e-01)	(-5.56067782e-03 -5.07850589e-03 3.52526418e-02)
169             	(-2.36565176e+00 6.94181230e-02 5.57360298e-01)	(-2.35996515e+00 7.45165207e-02 5.21863908e-01)	(-5.68661277e-03 -5.09839768e-03 3.54963907e-02)
170             	(-2.36582505e+00 6.92872676e-02 5.57640725e-01)	(-2.36001460e+00 7.44050449e-02 5.21902321e-01)	(-5.81044400e-03 -5.11777730e-03 3.57384042e-02)
171             	(-2.36599393e+00 6.91586785e-02 5.57915083e-01)	(-2.36006202e+00 7.42953398e-02 5.21938137e-01)	(-5.93190798e-03 -5.13666133e-03 3.59769461e-02)
172             	(-2.36615853e+00 6.90314646e-02 5.58184311e-01)	(-2.36010793e+00 7.41871781e-02 5.21972712e-01)	(-6.05060219e-03 -5.15571348e-03 3.62115983e-02)
173             	(-2.36631984e+00 6.89053183e-02 5.58451000e-01)	(-2.36015298e+00 7.40805966e-02 5.22007837e-01)	(-6.16686393e-03 -5.17527828e-03 3.64431632e-02)
174             	(-2.36647784e+00 6.87813014e-02 5.58714945e-01)	(-2.36019712e+00 7.39758493e-02 5.22043387e-01)	(-6.28071601e-03 -5.19454793e-03 3.66715575e-02)
175             	(-2.36663258e+00 6.86590512e-02 5.58974215e-01)	(-2.36024028e+00 7.38729463e-02 5.22078501e-01)	(-6.39229936e-03 -5.21389512e-03 3.68957135e-02)
176             	(-2.36678358e+00 6.85389695e-02 5.59229057e-01)	(-2.36028177e+00 7.37716210e-02 5.22112266e-01)	(-6.50181194e-03 -5.23265150e-03 3.71167905e-02)
177             	(-2.36693035e+00 6.84203620e-02 5.59479920e-01)	(-2.36032107e+00 7.36718620e-02 5.22143947e-01)	(-6.60928063e-03 -5.25150004e-03 3.73359730e-02)
178             	(-2.36707333e+00 6.83033228e-02 5.59726467e-01)	(-2.36035832e+00 7.35736790e-02 5.22173100e-01)	(-6.71500952e-03 -5.27035616e-03 3.75533666e-02)
179             	(-2.36721310e+00 6.81877014e-02 5.59968907e-01)	(-2.36039414e+00 7.34771750e-02 5.22199917e-01)	(-6.81896103e-03 -5.28947365e-03 3.77689899e-02)
180             	(-2.36735026e+00 6.80748972e-02 5.60208140e-01)	(-2.36042884e+00 7.33824914e-02 5.22224945e-01)	(-6.92141938e-03 -5.30759423e-03 3.79831953e-02)
181             	(-2.36748462e+00 6.79638002e-02 5.60442891e-01)	(-2.36046251e+00 7.32894928e-02 5.22248429e-01)	(-7.02211320e-03 -5.32569257e-03 3.81944622e-02)
182             	(-2.36761598e+00 6.78544534e-02 5.60672740e-01)	(-2.36049480e+00 7.31981538e-02 5.22270635e-01)	(-7.12118102e-03 -5.34370040e-03 3.84021046e-02)
183             	(-2.36774424e+00 6.77473325e-02 5.60899484e-01)	(-2.36052553e+00 7.31082344e-02 5.22292332e-01)	(-7.21871618e-03 -5.36090185e-03 3.86071521e-02)
184             	(-2.36786924e+00 6.76417274e-02 5.61123699e-01)	(-2.36055471e+00 7.30194667e-02 5.22313704e-01)	(-7.31453638e-03 -5.37773927e-03 3.88099948e-02)
185             	(-2.36799124e+00 6.75368057e-02 5.61344730e-01)	(-2.36058269e+00 7.29318258e-02 5.22334318e-01)	(-7.40855069e-03 -5.39502016e-03 3.90104122e-02)
186             	(-2.36811064e+00 6.74329611e-02 5.61562566e-01)	(-2.36060988e+00 7.28455105e-02 5.22353987e-01)	(-7.50076228e-03 -5.41254945e-03 3.92085790e-02)
187             	(-2.36822741e+00 6.73305808e-02 5.61777221e-01)	(-2.36063629e+00 7.27606609e-02 5.22372719e-01)	(-7.59111695e-03 -5.43008010e-03 3.94045020e-02)
188             	(-2.36834163e+00 6.72298530e-02 5.61989087e-01)	(-2.36066163e+00 7.26774024e-02 5.22390437e-01)	(-7.68000281e-03 -5.44754938e-03 3.95986501e-02)
189             	(-2.36845281e+00 6.71297567e-02 5.62196159e-01)	(-2.36068575e+00 7.25957283e-02 5.22407192e-01)	(-7.76706589e-03 -5.46597167e-03 3.97889676e-02)
190             	(-2.36856122e+00 6.70309250e-02 5.62399447e-01)	(-2.36070890e+00 7.25155111e-02 5.22423655e-01)	(-7.85231800e-03 -5.48458605e-03 3.99757919e-02)
191             	(-2.36866732e+00 6.69337067e-02 5.62599600e-01)	(-2.36073143e+00 7.24366602e-02 5.22440681e-01)	(-7.93588843e-03 -5.50295353e-03 4.01589193e-02)
192             	(-2.36877110e+00 6.68365147e-02 5.62798204e-01)	(-2.36075345e+00 7.23590662e-02 5.22458626e-01)	(-8.01765576e-03 -5.52255151e-03 4.03395778e-02)
193             	(-2.36887267e+00 6.67394756e-02 5.62995549e-01)	(-2.36077480e+00 7.22828238e-02 5.22477312e-01)	(-8.09786484e-03 -5.54334817e-03 4.05182364e-02)
194             	(-2.36897180e+00 6.66437870e-02 5.63191096e-01)	(-2.36079519e+00 7.22081652e-02 5.22496075e-01)	(-8.17660814e-03 -5.56437815e-03 4.06950204e-02)
195             	(-2.36906841e+00 6.65492963e-02 5.63383713e-01)	(-2.36081457e+00 7.21352274e-02 5.22514322e-01)	(-8.25384186e-03 -5.58593106e-03 4.08693913e-02)
196             	(-2.36916266e+00 6.64562877e-02 5.63572399e-01)	(-2.36083314e+00 7.20638572e-02 5.22532269e-01)	(-8.32952130e-03 -5.60756944e-03 4.10401305e-02)
197             	(-2.36925505e+00 6.63650402e-02 5.63757731e-01)	(-2.36085126e+00 7.19938270e-02 5.22550696e-01)	(-8.40378434e-03 -5.62878680e-03 4.12070350e-02)
198             	(-2.36934584e+00 6.62745449e-02 5.63942389e-01)	(-2.36086908e+00 7.19249083e-02 5.22570579e-01)	(-8.47675848e-03 -5.65036346e-03 4.13718104e-02)
199             	(-2.36943482e+00 6.61851188e-02 5.64126716e-01)	(-2.36088640e+00 7.18570738e-02 5.22591712e-01)	(-8.54842112e-03 -5.67195496e-03 4.15350039e-02)
200             	(-2.36952181e+00 6.60970061e-02 5.64309280e-01)	(-2.36090303e+00 7.17904223e-02 5.22613365e-01)	(-8.61878137e-03 -5.69341619e-03 4.16959154e-02)
201             	(-2.36960665e+00 6.60103559e-02 5.64489134e-01)	(-2.36091880e+00 7.17248818e-02 5.22634843e-01)	(-8.68785794e-03 -5.71452591e-03 4.18542905e-02)
202             	(-2.36968951e+00 6.59255783e-02 5.64665282e-01)	(-2.36093399e+00 7.16602162e-02 5.22656236e-01)	(-8.75552202e-03 -5.73463787e-03 4.20090462e-02)
203             	(-2.36977075e+00 6.58401787e-02 5.64839874e-01)	(-2.36094892e+00 7.15960940e-02 5.22678365e-01)	(-8.82183184e-03 -5.75591531e-03 4.21615088e-02)
204             	(-2.36985042e+00 6.57551203e-02 5.65014029e-01)	(-2.36096339e+00 7.15327038e-02 5.22701415e-01)	(-8.88703237e-03 -5.77758356e-03 4.23126144e-02)
205             	(-2.36992845e+00 6.56709234e-02 5.65186576e-01)	(-2.36097746e+00 7.14704976e-02 5.22724921e-01)	(-8.95098743e-03 -5.79957411e-03 4.24616547e-02)
206             	(-2.37000485e+00 6.55879483e-02 5.65356361e-01)	(-2.36099118e+00 7.14097063e-02 5.22748596e-01)	(-9.01366678e-03 -5.82175793e-03 4.26077647e-02)
207             	(-2.37007946e+00 6.55053958e-02 5.65522688e-01)	(-2.36100434e+00 7.13502140e-02 5.22772658e-01)	(-9.07512610e-03 -5.84481819e-03 4.27500301e-02)
208             	(-2.37015237e+00 6.54232282e-02 5.65688908e-01)	(-2.36101691e+00 7.12917433e-02 5.22797870e-01)	(-9.13545522e-03 -5.86851503e-03 4.28910375e-02)
209             	(-2.37022366e+00 6.53415022e-02 5.65854358e-01)	(-2.36102898e+00 7.12341716e-02 5.22824299e-01)	(-9.19468038e-03 -5.89266941e-03 4.30300591e-02)
210             	(-2.37029331e+00 6.52594952e-02 5.66017846e-01)	(-2.36104069e+00 7.11776222e-02 5.22851561e-01)	(-9.25261953e-03 -5.91812697e-03 4.31662853e-02)
211             	(-2.37036142e+00 6.51775811e-02 5.66179461e-01)	(-2.36105211e+00 7.11223249e-02 5.22879390e-01)	(-9.30931006e-03 -5.94474377e-03 4.33000712e-02)
212             	(-2.37042809e+00 6.50965949e-02 5.66338047e-01)	(-2.36106325e+00 7.10684121e-02 5.22907886e-01)	(-9.36483984e-03 -5.97181725e-03 4.34301610e-02)
213             	(-2.37049331e+00 6.50171339e-02 5.66495889e-01)	(-2.36107406e+00 7.10157256e-02 5.22937390e-01)	(-9.41925236e-03 -5.99859168e-03 4.35584993e-02)
214             	(-2.37055719e+00 6.49384266e-02 5.66652973e-01)	(-2.36108457e+00 7.09639141e-02 5.22967842e-01)	(-9.47262037e-03 -6.02548750e-03 4.36851310e-02)
215             	(-2.37061975e+00 6.48604079e-02 5.66807474e-01)	(-2.36109486e+00 7.09127976e-02 5.22998859e-01)	(-9.52488917e-03 -6.05238968e-03 4.38086152e-02)
216             	(-2.37068096e+00 6.47825336e-02 5.66958467e-01)	(-2.36110507e+00 7.08623722e-02 5.23030034e-01)	(-9.57588587e-03 -6.07983856e-03 4.39284327e-02)
217             	(-2.37074106e+00 6.47048394e-02 5.67106717e-01)	(-2.36111535e+00 7.08128442e-02 5.23061672e-01)	(-9.62571670e-03 -6.10800485e-03 4.40450448e-02)
218             	(-2.37080035e+00 6.46290910e-02 5.67253454e-01)	(-2.36112583e+00 7.07642808e-02 5.23094425e-01)	(-9.67452186e-03 -6.13518977e-03 4.41590293e-02)
219             	(-2.37085882e+00 6.45538887e-02 5.67399355e-01)	(-2.36113652e+00 7.07164062e-02 5.23128849e-01)	(-9.72230289e-03 -6.16251751e-03 4.42705065e-02)
220             	(-2.37091628e+00 6.44788909e-02 5.67543972e-01)	(-2.36114731e+00 7.06690193e-02 5.23164955e-01)	(-9.76896808e-03 -6.19012840e-03 4.43790173e-02)
221             	(-2.37097260e+00 6.44049287e-02 5.67686836e-01)	(-2.36115806e+00 7.06220091e-02 5.23202473e-01)	(-9.81454286e-03 -6.21708046e-03 4.44843623e-02)
222             	(-2.37102788e+00 6.43317476e-02 5.67828620e-01)	(-2.36116872e+00 7.05753805e-02 5.23241319e-01)	(-9.85916436e-03 -6.24363289e-03 4.45873016e-02)
223             	(-2.37108206e+00 6.42591213e-02 5.67967807e-01)	(-2.36117930e+00 7.05293822e-02 5.23281299e-01)	(-9.90275755e-03 -6.27026100e-03 4.46865083e-02)
224             	(-2.37113530e+00 6.41868132e-02 5.68105943e-01)	(-2.36118985e+00 7.04840544e-02 5.23322558e-01)	(-9.94544663e-03 -6.29724120e-03 4.47833849e-02)
225             	(-2.37118766e+00 6.41158402e-02 5.68244083e-01)	(-2.36120035e+00 7.04392775e-02 5.23365047e-01)	(-9.98731187e-03 -6.32343733e-03 4.48790364e-02)
226             	(-2.37123903e+00 6.40460087e-02 5.68381545e-01)	(-2.36121072e+00 7.03948155e-02 5.23408235e-01)	(-1.00283133e-02 -6.34880672e-03 4.49733097e-02)
227             	(-2.37128931e+00 6.39766778e-02 5.68514034e-01)	(-2.36122093e+00 7.03505698e-02 5.23451611e-01)	(-1.00683815e-02 -6.37389202e-03 4.50624224e-02)
228             	(-2.37133881e+00 6.39082998e-02 5.68644480e-01)	(-2.36123118e+00 7.03066774e-02 5.23495780e-01)	(-1.01076250e-02 -6.39837765e-03 4.51486995e-02)
229             	(-2.37138771e+00 6.38419034e-02 5.68774221e-01)	(-2.36124157e+00 7.02633306e-02 5.23541267e-01)	(-1.01461349e-02 -6.42142722e-03 4.52329542e-02)
230             	(-2.37143589e+00 6.37765362e-02 5.68902747e-01)	(-2.36125198e+00 7.02204079e-02 5.23588029e-01)	(-1.01839043e-02 -6.44387171e-03 4.53147179e-02)
231             	(-2.37148316e+00 6.37126122e-02 5.69029020e-01)	(-2.36126227e+00 7.01777347e-02 5.23635789e-01)	(-1.02208906e-02 -6.46512252e-03 4.53932306e-02)
232             	(-2.37152941e+00 6.36501923e-02 5.69151992e-01)	(-2.36127235e+00 7.01351485e-02 5.23684517e-01)	(-1.02570602e-02 -6.48495624e-03 4.54674748e-02)
233             	(-2.37157475e+00 6.35880465e-02 5.69273905e-01)	(-2.36128225e+00 7.00926425e-02 5.23734617e-01)	(-1.02924994e-02 -6.50459603e-03 4.55392877e-02)
234             	(-2.37161922e+00 6.35280824e-02 5.69391983e-01)	(-2.36129208e+00 7.00505304e-02 5.23786004e-01)	(-1.03271436e-02 -6.52244795e-03 4.56059791e-02)
235             	(-2.37166294e+00 6.34692213e-02 5.69506856e-01)	(-2.36130194e+00 7.00088205e-02 5.23838942e-01)	(-1.03610033e-02 -6.53959924e-03 4.56679141e-02)
236             	(-2.37170609e+00 6.34108534e-02 5.69620716e-01)	(-2.36131193e+00 6.99675048e-02 5.23893842e-01)	(-1.03941591e-02 -6.55665140e-03 4.57268741e-02)
237             	(-2.37174871e+00 6.33536458e-02 5.69735145e-01)	(-2.36132203e+00 6.99267444e-02 5.23950551e-01)	(-1.04266738e-02 -6.57309857e-03 4.57845949e-02)
238             	(-2.37179062e+00 6.32981630e-02 5.69848305e-01)	(-2.36133206e+00 6.98866513e-02 5.24007981e-01)	(-1.04585631e-02 -6.58848832e-03 4.58403241e-02)
239             	(-2.37183171e+00 6.32441703e-02 5.69959154e-01)	(-2.36134189e+00 6.98471758e-02 5.24065417e-01)	(-1.04898250e-02 -6.60300552e-03 4.58937370e-02)
240             	(-2.37187205e+00 6.31926772e-02 5.70068146e-01)	(-2.36135156e+00 6.98083142e-02 5.24122848e-01)	(-1.05204883e-02 -6.61563702e-03 4.59452977e-02)
241             	(-2.37191157e+00 6.31427014e-02 5.70174384e-01)	(-2.36136108e+00 6.97697113e-02 5.24180408e-01)	(-1.05504898e-02 -6.62700993e-03 4.59939761e-02)
242             	(-2.37195046e+00 6.30935732e-02 5.70279040e-01)	(-2.36137054e+00 6.97311503e-02 5.24238557e-01)	(-1.05799153e-02 -6.63757708e-03 4.60404825e-02)
243             	(-2.37198875e+00 6.30461854e-02 5.70382533e-01)	(-2.36137995e+00 6.96928017e-02 5.24297337e-01)	(-1.06087964e-02 -6.64661635e-03 4.60851963e-02)
244             	(-2.37202646e+00 6.30007919e-02 5.70485151e-01)	(-2.36138930e+00 6.96547977e-02 5.24356467e-01)	(-1.06371554e-02 -6.65400577e-03 4.61286844e-02)
245             	(-2.37206351e+00 6.29564787e-02 5.70586490e-01)	(-2.36139856e+00 6.96171862e-02 5.24415346e-01)	(-1.06649537e-02 -6.66070749e-03 4.61711433e-02)
246             	(-2.37210000e+00 6.29141109e-02 5.70685640e-01)	(-2.36140774e+00 6.95801038e-02 5.24473430e-01)	(-1.06922566e-02 -6.66599292e-03 4.62122104e-02)
247             	(-2.37213594e+00 6.28734705e-02 5.70783439e-01)	(-2.36141684e+00 6.95435106e-02 5.24530820e-01)	(-1.07190953e-02 -6.67004013e-03 4.62526191e-02)
248             	(-2.37217120e+00 6.28339867e-02 5.70880086e-01)	(-2.36142580e+00 6.95074126e-02 5.24587748e-01)	(-1.07453999e-02 -6.67342599e-03 4.62923384e-02)
249             	(-2.37220579e+00 6.27963580e-02 5.70975458e-01)	(-2.36143459e+00 6.94718812e-02 5.24644247e-01)	(-1.07712000e-02 -6.67552322e-03 4.63312109e-02)
250             	(-2.37223974e+00 6.27604273e-02 5.71069717e-01)	(-2.36144321e+00 6.94368518e-02 5.24700247e-01)	(-1.07965276e-02 -6.67642451e-03 4.63694703e-02)
251             	(-2.37227305e+00 6.27257561e-02 5.71162557e-01)	(-2.36145167e+00 6.94022492e-02 5.24755605e-01)	(-1.08213825e-02 -6.67649311e-03 4.64069522e-02)
252             	(-2.37230575e+00 6.26924424e-02 5.71253946e-01)	(-2.36145997e+00 6.93680873e-02 5.24810116e-01)	(-1.08457838e-02 -6.67564494e-03 4.64438298e-02)
253             	(-2.37233784e+00 6.26604016e-02 5.71344255e-01)	(-2.36146811e+00 6.93344038e-02 5.24863592e-01)	(-1.08697364e-02 -6.67400221e-03 4.64806629e-02)
254             	(-2.37236934e+00 6.26294680e-02 5.71433036e-01)	(-2.36147611e+00 6.93013494e-02 5.24915866e-01)	(-1.08932270e-02 -6.67188138e-03 4.65171707e-02)
255             	(-2.37240032e+00 6.25995878e-02 5.71520544e-01)	(-2.36148406e+00 6.92690698e-02 5.24967035e-01)	(-1.09162557e-02 -6.66948197e-03 4.65535087e-02)
256             	(-2.37243082e+00 6.25707337e-02 5.71606708e-01)	(-2.36149198e+00 6.92375111e-02 5.25017075e-01)	(-1.09388376e-02 -6.66677737e-03 4.65896333e-02)
257             	(-2.37246079e+00 6.25431547e-02 5.71691258e-01)	(-2.36149981e+00 6.92065834e-02 5.25065903e-01)	(-1.09609775e-02 -6.66342866e-03 4.66253555e-02)
258             	(-2.37249015e+00 6.25167312e-02 5.71774557e-01)	(-2.36150746e+00 6.91761685e-02 5.25113500e-01)	(-1.09826947e-02 -6.65943730e-03 4.66610563e-02)
259             	(-2.37251888e+00 6.24910813e-02 5.71856728e-01)	(-2.36151487e+00 6.91461287e-02 5.25159758e-01)	(-1.10040096e-02 -6.65504738e-03 4.66969698e-02)
260             	(-2.37254699e+00 6.24662913e-02 5.71936953e-01)	(-2.36152210e+00 6.91164915e-02 5.25204599e-01)	(-1.10248905e-02 -6.65020024e-03 4.67323539e-02)
261             	(-2.37257464e+00 6.24422254e-02 5.72016490e-01)	(-2.36152926e+00 6.90873779e-02 5.25248371e-01)	(-1.10453769e-02 -6.64515251e-03 4.67681187e-02)
262             	(-2.37260200e+00 6.24192898e-02 5.72095097e-01)	(-2.36153642e+00 6.90590185e-02 5.25291199e-01)	(-1.10655745e-02 -6.63972867e-03 4.68038974e-02)
263             	(-2.37262889e+00 6.23974079e-02 5.72172795e-01)	(-2.36154351e+00 6.90314641e-02 5.25332886e-01)	(-1.10853842e-02 -6.63405622e-03 4.68399087e-02)
264             	(-2.37265521e+00 6.23765929e-02 5.72249307e-01)	(-2.36155042e+00 6.90046676e-02 5.25373180e-01)	(-1.11047901e-02 -6.62807470e-03 4.68761270e-02)
265             	(-2.37268094e+00 6.23567595e-02 5.72324441e-01)	(-2.36155709e+00 6.89784998e-02 5.25411904e-01)	(-1.11238488e-02 -6.62174032e-03 4.69125374e-02)
266             	(-2.37270606e+00 6.23377419e-02 5.72398302e-01)	(-2.36156351e+00 6.89528866e-02 5.25449060e-01)	(-1.11425523e-02 -6.61514468e-03 4.69492416e-02)
267             	(-2.37273065e+00 6.23195375e-02 5.72470974e-01)	(-2.36156974e+00 6.89278640e-02 5.25484728e-01)	(-1.11609074e-02 -6.60832644e-03 4.69862464e-02)
268             	(-2.37275481e+00 6.23023489e-02 5.72542283e-01)	(-2.36157586e+00 6.89034759e-02 5.25519017e-01)	(-1.11789451e-02 -6.60112692e-03 4.70232655e-02)
269             	(-2.37277852e+00 6.22858391e-02 5.72612758e-01)	(-2.36158188e+00 6.88796700e-02 5.25552147e-01)	(-1.11966356e-02 -6.59383089e-03 4.70606114e-02)
270             	(-2.37280174e+00 6.22700202e-02 5.72682521e-01)	(-2.36158778e+00 6.88563889e-02 5.25584233e-01)	(-1.12139663e-02 -6.58636872e-03 4.70982885e-02)
271             	(-2.37282444e+00 6.22548305e-02 5.72751476e-01)	(-2.36159350e+00 6.88336638e-02 5.25615197e-01)	(-1.12309377e-02 -6.57883335e-03 4.71362784e-02)
272             	(-2.37284663e+00 6.22403311e-02 5.72819496e-01)	(-2.36159907e+00 6.88115533e-02 5.25644960e-01)	(-1.12475591e-02 -6.57122218e-03 4.71745354e-02)
273             	(-2.37286836e+00 6.22266249e-02 5.72886346e-01)	(-2.36160449e+00 6.87901174e-02 5.25673420e-01)	(-1.12638652e-02 -6.56349244e-03 4.72129264e-02)
274             	(-2.37288964e+00 6.22137646e-02 5.72952031e-01)	(-2.36160980e+00 6.87693930e-02 5.25700593e-01)	(-1.12798477e-02 -6.55562840e-03 4.72514375e-02)
275             	(-2.37291045e+00 6.22016704e-02 5.73016569e-01)	(-2.36161496e+00 6.87493784e-02 5.25726486e-01)	(-1.12954868e-02 -6.54770799e-03 4.72900831e-02)
276             	(-2.37293079e+00 6.21904300e-02 5.73079933e-01)	(-2.36161998e+00 6.87300118e-02 5.25751179e-01)	(-1.13108053e-02 -6.53958177e-03 4.73287545e-02)
277             	(-2.37295065e+00 6.21798404e-02 5.73142271e-01)	(-2.36162486e+00 6.87112483e-02 5.25774685e-01)	(-1.13257867e-02 -6.53140797e-03 4.73675864e-02)
278             	(-2.37297009e+00 6.21699528e-02 5.73203507e-01)	(-2.36162965e+00 6.86930608e-02 5.25797012e-01)	(-1.13404407e-02 -6.52310808e-03 4.74064952e-02)
279             	(-2.37298910e+00 6.21607186e-02 5.73263721e-01)	(-2.36163434e+00 6.86754672e-02 5.25818169e-01)	(-1.13547637e-02 -6.51474863e-03 4.74455518e-02)
280             	(-2.37300774e+00 6.21521357e-02 5.73322891e-01)	(-2.36163895e+00 6.86584271e-02 5.25838223e-01)	(-1.13687858e-02 -6.50629144e-03 4.74846676e-02)
281             	(-2.37302605e+00 6.21440459e-02 5.73381175e-01)	(-2.36164352e+00 6.86418894e-02 5.25857305e-01)	(-1.13825308e-02 -6.49784348e-03 4.75238694e-02)
282             	(-2.37304404e+00 6.21363008e-02 5.73438710e-01)	(-2.36164802e+00 6.86258225e-02 5.25875500e-01)	(-1.13960197e-02 -6.48952171e-03 4.75632098e-02)
283             	(-2.37306162e+00 6.21290398e-02 5.73495493e-01)	(-2.36165240e+00 6.86102611e-02 5.25892823e-01)	(-1.14092129e-02 -6.48122134e-03 4.76026703e-02)
